maxInf = [
26.15,54.0;
30.82,48.0;
32.4,55.0;
41.02,49.0;
32.41,46.0;
38.49,42.0;
23.07,43.0;
27.63,32.0;
33.57,30.0;
42.0,39.0;
29.55,46.0;
30.52,29.0;
46.86,38.0;
32.2,39.0;
0.0,1.0;
0.0,1.0;
21.18,24.0;
24.95,35.0;
48.14,24.0;
47.26,39.0;
39.83,48.0;
51.96,40.0;
44.49,41.0;
0.0,1.0;
35.77,48.0;
38.32,51.0;
29.19,39.0;
28.57,26.0;
1.47,2.0;
28.62,46.0;
30.53,45.0;
45.22,38.0;
0.67,2.0;
36.43,45.0;
23.32,35.0;
25.99,50.0;
35.22,50.0;
21.66,45.0;
31.58,54.0;
22.99,42.0;
28.69,43.0;
31.38,49.0;
0.0,1.0;
28.37,39.0;
27.89,39.0;
36.66,50.0;
44.01,48.0;
39.09,38.0;
25.38,42.0;
20.73,37.0;
22.24,46.0;
37.79,39.0;
0.0,1.0;
23.66,40.0;
39.13,35.0;
15.18,2.0;
22.2,58.0;
24.03,50.0;
32.06,43.0;
32.94,46.0;
0.0,1.0;
0.0,1.0;
25.89,33.0;
0.0,1.0;
39.24,41.0;
33.43,51.0;
27.08,33.0;
0.0,1.0;
35.54,46.0;
33.01,49.0;
23.85,50.0;
34.35,46.0;
32.56,39.0;
30.39,44.0;
34.95,31.0;
32.24,42.0;
32.39,41.0;
0.0,1.0;
0.0,1.0;
27.52,41.0;
25.31,37.0;
0.0,1.0;
44.58,44.0;
0.0,1.0;
26.74,33.0;
24.56,42.0;
30.51,43.0;
40.11,40.0;
62.96,42.0;
0.0,1.0;
30.36,46.0;
36.8,31.0;
21.32,42.0;
2.39,2.0;
0.0,1.0;
43.6,42.0;
32.86,43.0;
38.82,53.0;
25.95,37.0;
29.69,52.0;
29.33,42.0;
0.51,2.0;
26.29,51.0;
46.47,37.0;
24.14,41.0;
29.77,33.0;
0.0,1.0;
25.03,28.0;
46.85,36.0;
23.03,41.0;
28.02,46.0;
37.07,35.0;
25.98,37.0;
36.04,41.0;
21.79,44.0;
33.18,35.0;
3.52,2.0;
6.99,2.0;
4.66,2.0;
20.04,43.0;
0.0,1.0;
0.0,1.0;
18.68,35.0;
23.52,52.0;
37.97,33.0;
0.0,1.0;
28.39,47.0;
26.5,45.0;
30.72,39.0;
28.56,40.0;
44.35,41.0;
0.0,1.0;
27.77,49.0;
30.42,35.0;
32.57,43.0;
29.22,52.0;
24.89,47.0;
33.14,34.0;
48.21,32.0;
31.97,47.0;
0.0,1.0;
32.23,42.0;
26.77,26.0;
39.34,38.0;
0.0,1.0;
2.21,3.0;
37.79,34.0;
29.9,44.0;
33.73,37.0;
50.21,40.0;
2.06,3.0;
28.27,35.0;
46.55,34.0;
0.0,1.0;
34.31,61.0;
27.17,49.0;
0.0,1.0;
30.21,47.0;
0.0,1.0;
0.0,1.0;
40.33,30.0;
13.97,3.0;
0.0,1.0;
24.89,30.0;
39.93,32.0;
0.65,2.0;
41.78,44.0;
1.06,2.0;
37.36,45.0;
40.86,36.0;
27.67,42.0;
37.36,49.0;
0.0,1.0;
0.0,1.0;
33.29,43.0;
0.0,1.0;
1.32,2.0;
38.9,45.0;
30.41,43.0;
1.49,3.0;
25.57,55.0;
25.18,52.0;
17.6,46.0;
47.49,28.0;
27.07,62.0;
44.14,48.0;
0.0,1.0;
31.19,44.0;
28.84,47.0;
0.0,1.0;
0.0,1.0;
29.52,40.0;
47.22,32.0;
0.0,1.0;
31.05,28.0;
13.4,45.0;
2.05,3.0;
27.84,42.0;
26.27,42.0;
35.24,35.0;
30.84,36.0;
41.2,38.0;
23.89,42.0;
30.85,41.0;
40.49,33.0;
30.67,32.0;
0.0,1.0;
21.56,52.0;
0.0,1.0;
37.34,43.0;
44.68,37.0;
0.0,1.0;
29.25,47.0;
41.34,34.0;
27.26,44.0;
0.0,1.0;
31.73,47.0;
23.6,44.0;
40.33,42.0;
21.67,46.0;
38.23,40.0;
38.79,31.0;
49.55,21.0;
37.4,44.0;
18.55,53.0;
30.95,52.0;
27.62,43.0;
28.7,56.0;
34.56,41.0;
19.28,28.0;
34.79,40.0;
0.0,1.0;
30.06,32.0;
41.46,38.0;
35.51,51.0;
68.71,25.0;
34.61,45.0;
32.78,43.0;
35.5,46.0;
30.74,52.0;
46.08,39.0;
24.11,58.0;
0.0,1.0;
0.0,1.0;
26.94,45.0;
25.38,49.0;
30.12,35.0;
30.75,52.0;
26.3,61.0;
19.11,31.0;
42.9,44.0;
0.0,1.0;
27.06,42.0;
25.64,48.0;
36.62,27.0;
27.03,47.0;
0.0,1.0;
47.84,40.0;
0.0,1.0;
21.61,44.0;
0.0,1.0;
7.7,2.0;
21.11,58.0;
24.61,60.0;
38.43,45.0;
43.67,44.0;
32.31,39.0;
22.89,40.0;
0.0,1.0;
32.61,40.0;
42.72,48.0;
49.98,29.0;
25.39,41.0;
43.57,45.0;
8.34,2.0;
0.0,1.0;
42.51,39.0;
23.44,47.0;
31.38,52.0;
31.25,48.0;
0.0,1.0;
37.79,37.0;
35.91,35.0;
24.77,45.0;
56.59,28.0;
2.39,2.0;
0.0,1.0;
23.26,46.0;
22.2,46.0;
30.4,44.0;
28.58,60.0;
19.25,46.0;
35.9,37.0;
28.84,43.0;
27.18,39.0;
35.97,35.0;
33.74,43.0;
37.37,30.0;
33.49,41.0;
35.22,41.0;
38.0,48.0;
35.89,43.0;
6.53,2.0;
0.0,1.0;
44.01,43.0;
0.0,1.0;
47.14,45.0;
1.62,2.0;
35.42,42.0;
0.0,1.0;
0.0,1.0;
0.0,1.0;
42.78,47.0;
22.64,34.0;
0.0,1.0;
24.2,35.0;
25.77,42.0;
40.36,30.0;
46.55,31.0;
46.04,38.0;
43.62,38.0;
30.02,41.0;
29.01,39.0;
0.0,1.0;
28.34,47.0;
35.19,42.0;
36.98,43.0;
0.0,1.0;
25.14,41.0;
28.32,47.0;
24.26,50.0;
0.0,1.0;
30.42,42.0;
0.0,1.0;
31.88,54.0;
3.49,2.0;
24.36,46.0;
38.95,37.0;
41.89,42.0;
27.25,33.0;
28.38,24.0;
0.0,1.0;
28.92,44.0;
23.23,46.0;
21.2,41.0;
36.61,42.0;
0.0,1.0;
6.59,2.0;
0.0,1.0;
43.96,42.0;
35.01,29.0;
40.98,51.0;
38.25,47.0;
0.0,1.0;
37.85,53.0;
31.45,37.0;
30.79,45.0;
27.29,38.0;
28.12,54.0;
34.05,38.0;
0.0,1.0;
64.45,35.0;
60.33,34.0;
0.0,1.0;
53.28,32.0;
53.49,46.0;
36.25,56.0;
26.67,46.0;
40.45,49.0;
24.14,44.0;
0.0,1.0;
24.12,51.0;
26.51,42.0;
33.56,44.0;
23.26,40.0;
0.0,1.0;
0.0,1.0;
21.27,43.0;
0.0,1.0;
30.78,37.0;
38.31,42.0;
25.61,50.0;
2.31,2.0;
24.83,24.0;
31.27,46.0;
44.18,54.0;
2.81,2.0;
34.54,43.0;
41.6,41.0;
32.35,45.0;
28.1,49.0;
0.0,1.0;
42.59,35.0;
29.91,54.0;
25.12,44.0;
36.9,47.0;
21.35,49.0;
37.11,43.0;
0.0,1.0;
0.0,1.0;
22.13,37.0;
40.7,32.0;
0.0,1.0;
0.0,1.0;
27.77,51.0;
34.5,40.0;
26.05,45.0;
32.53,46.0;
34.52,43.0;
50.01,39.0;
29.33,50.0;
26.62,28.0;
0.0,1.0;
28.96,36.0;
23.29,43.0;
34.06,22.0;
47.86,35.0;
30.17,44.0;
28.25,58.0;
39.68,40.0;
0.69,2.0;
27.8,43.0;
24.73,42.0;
45.16,36.0;
2.62,2.0;
36.13,41.0;
28.05,35.0;
0.0,1.0;
0.0,1.0;
60.69,41.0;
28.6,40.0;
0.0,1.0;
31.87,35.0;
0.0,1.0;
23.28,49.0;
22.3,45.0;
0.0,1.0;
0.0,1.0;
43.3,44.0;
25.24,54.0;
24.61,51.0;
1.04,3.0;
0.0,1.0;
38.7,46.0;
29.68,52.0;
21.54,33.0;
42.81,32.0;
28.19,42.0;
26.25,62.0;
47.33,30.0;
2.91,3.0;
35.13,46.0;
62.29,33.0;
0.0,1.0;
35.45,42.0;
0.0,1.0;
24.1,32.0;
26.6,52.0;
37.71,48.0;
33.82,36.0;
47.93,42.0;
27.0,54.0;
30.87,48.0;
35.45,42.0;
28.47,37.0;
0.0,1.0;
27.49,46.0;
29.35,46.0;
34.0,37.0;
0.0,1.0;
35.99,39.0;
0.0,1.0;
35.97,38.0;
35.71,48.0;
42.72,29.0;
35.31,46.0;
14.93,43.0;
32.3,52.0;
32.71,38.0;
0.0,1.0;
41.16,56.0;
0.0,1.0;
0.98,2.0;
0.0,1.0;
18.72,47.0;
34.66,36.0;
31.37,49.0;
37.16,31.0;
0.0,1.0;
20.16,53.0;
36.09,39.0;
28.56,32.0;
35.79,46.0;
31.26,40.0;
27.36,43.0;
31.33,38.0;
33.95,41.0;
22.09,52.0;
25.52,35.0;
48.58,46.0;
0.0,1.0;
4.13,2.0;
39.18,41.0;
23.07,40.0;
27.8,45.0;
27.59,44.0;
0.0,1.0;
0.0,1.0;
28.74,42.0;
29.64,46.0;
17.47,47.0;
27.52,47.0;
44.08,34.0;
37.21,37.0;
0.0,1.0;
26.82,3.0;
27.33,40.0;
34.33,37.0;
33.82,40.0;
30.81,41.0;
31.12,42.0;
36.0,47.0;
24.5,52.0;
23.48,41.0;
25.45,42.0;
24.17,46.0;
35.75,45.0;
0.0,1.0;
0.0,1.0;
45.34,35.0;
38.78,51.0;
38.18,51.0;
24.75,37.0;
40.18,47.0;
26.99,35.0;
0.0,1.0;
25.22,44.0;
32.87,47.0;
20.22,41.0;
0.0,1.0;
26.59,39.0;
0.0,1.0;
0.0,1.0;
23.01,35.0;
38.31,42.0;
0.0,1.0;
44.31,59.0;
30.22,40.0;
0.0,1.0;
33.44,34.0;
0.0,1.0;
39.84,39.0;
6.51,2.0;
26.61,42.0;
37.93,49.0;
0.0,1.0;
41.25,32.0;
37.32,42.0;
33.34,42.0;
36.86,42.0;
30.91,47.0;
0.0,1.0;
33.68,38.0;
5.42,3.0;
17.37,46.0;
37.12,41.0;
43.41,52.0;
29.13,45.0;
9.86,3.0;
40.87,46.0;
0.0,1.0;
19.72,44.0;
31.63,52.0;
3.28,3.0;
34.03,34.0;
6.0,4.0;
41.4,37.0;
0.0,1.0;
41.94,29.0;
31.47,35.0;
35.8,48.0;
0.34,2.0;
0.0,1.0;
24.64,35.0;
0.0,1.0;
53.56,44.0;
42.56,47.0;
17.38,38.0;
27.58,41.0;
40.94,35.0;
27.27,37.0;
30.66,47.0;
0.0,1.0;
0.0,1.0;
0.0,1.0;
28.66,54.0;
60.45,25.0;
30.05,42.0;
26.68,51.0;
35.02,41.0;
37.67,43.0;
55.84,38.0;
37.6,47.0;
22.99,53.0;
25.09,46.0;
14.1,37.0;
38.88,40.0;
28.67,36.0;
24.26,48.0;
17.1,71.0;
0.0,1.0;
0.0,1.0;
38.74,43.0;
46.66,33.0;
28.09,44.0;
75.4,31.0;
47.31,44.0;
0.0,1.0;
33.53,38.0;
36.62,41.0;
47.21,30.0;
55.78,38.0;
0.0,1.0;
0.0,1.0;
34.3,54.0;
42.1,43.0;
0.0,1.0;
20.87,38.0;
31.5,43.0;
21.94,37.0;
32.93,40.0;
40.43,47.0;
0.0,1.0;
36.22,40.0;
0.0,1.0;
32.9,43.0;
0.0,1.0;
0.0,1.0;
22.63,36.0;
0.0,1.0;
27.91,35.0;
32.99,46.0;
0.0,1.0;
33.86,41.0;
0.0,1.0;
36.2,42.0;
36.16,34.0;
42.37,39.0;
35.94,49.0;
34.28,42.0;
32.2,38.0;
23.44,42.0;
27.5,29.0;
27.11,50.0;
36.23,38.0;
3.69,2.0;
0.0,1.0;
0.0,1.0;
42.12,34.0;
32.88,38.0;
28.22,39.0;
20.43,36.0;
21.71,45.0;
0.0,1.0;
37.46,41.0;
35.62,47.0;
0.0,1.0;
16.52,45.0;
0.0,1.0;
35.82,39.0;
53.56,37.0;
25.18,42.0;
30.0,32.0;
38.97,39.0;
0.0,1.0;
0.0,1.0;
0.0,1.0;
21.67,35.0;
27.49,43.0;
0.0,1.0;
0.0,1.0;
0.0,1.0;
27.62,39.0;
47.07,39.0;
19.46,37.0;
34.4,50.0;
32.4,46.0;
26.09,40.0;
0.0,1.0;
28.96,48.0;
0.0,1.0;
2.12,2.0;
50.91,44.0;
19.98,33.0;
43.8,46.0;
25.59,47.0;
0.24,2.0;
0.0,1.0;
0.0,1.0;
0.0,1.0;
27.15,46.0;
23.49,33.0;
24.25,49.0;
68.51,28.0;
26.24,39.0;
33.01,37.0;
41.69,41.0;
37.38,44.0;
57.89,32.0;
34.73,42.0;
27.34,48.0;
27.05,38.0;
