maxInf = [
2.2,2.0;
0.0,1.0;
0.0,1.0;
41.8,22.0;
0.0,1.0;
49.7,29.0;
0.0,1.0;
0.0,1.0;
45.6,36.0;
35.7,42.0;
35.3,29.0;
32.9,40.0;
39.5,40.0;
56.8,28.0;
46.3,36.0;
0.0,1.0;
32.3,33.0;
21.8,30.0;
89.1,38.0;
0.0,1.0;
47.2,25.0;
38.9,34.0;
0.0,1.0;
50.0,27.0;
28.9,35.0;
38.5,30.0;
46.9,27.0;
54.5,29.0;
0.0,1.0;
45.1,41.0;
22.1,26.0;
48.7,40.0;
0.0,1.0;
43.5,28.0;
35.2,33.0;
46.9,33.0;
5.1,3.0;
40.3,43.0;
34.8,34.0;
32.0,36.0;
35.3,22.0;
0.0,1.0;
36.8,34.0;
0.0,1.0;
30.3,40.0;
69.0,31.0;
0.0,1.0;
0.0,1.0;
30.0,44.0;
38.1,27.0;
0.0,1.0;
0.0,1.0;
38.1,35.0;
47.3,27.0;
0.0,1.0;
33.9,33.0;
47.0,37.0;
0.0,1.0;
29.9,45.0;
46.8,37.0;
39.4,35.0;
25.4,39.0;
40.9,35.0;
25.5,31.0;
30.4,35.0;
0.0,1.0;
31.9,34.0;
0.0,1.0;
21.1,44.0;
51.0,29.0;
38.0,31.0;
0.0,1.0;
40.1,29.0;
36.8,39.0;
24.4,37.0;
1.6,2.0;
62.5,37.0;
44.8,41.0;
43.4,40.0;
4.4,3.0;
41.0,32.0;
30.6,42.0;
0.0,1.0;
36.9,37.0;
14.5,4.0;
2.0,2.0;
28.4,38.0;
52.4,27.0;
38.8,37.0;
0.0,1.0;
0.0,1.0;
59.5,39.0;
42.0,35.0;
73.9,20.0;
30.6,54.0;
32.8,38.0;
65.0,28.0;
0.0,1.0;
0.0,1.0;
46.2,27.0;
62.2,26.0;
36.8,44.0;
0.0,1.0;
0.0,1.0;
27.3,33.0;
41.5,41.0;
0.0,1.0;
44.2,42.0;
25.8,32.0;
0.0,1.0;
23.2,43.0;
45.5,35.0;
0.0,1.0;
41.8,44.0;
61.2,41.0;
29.7,56.0;
23.9,39.0;
0.4,2.0;
37.7,28.0;
47.7,35.0;
0.0,1.0;
0.0,1.0;
39.7,45.0;
17.8,41.0;
43.5,32.0;
53.1,34.0;
0.0,1.0;
20.3,36.0;
34.8,28.0;
58.0,34.0;
34.8,36.0;
0.7,2.0;
36.0,30.0;
41.0,34.0;
60.2,37.0;
33.8,37.0;
0.0,1.0;
0.0,1.0;
52.2,35.0;
0.0,1.0;
30.4,25.0;
0.0,1.0;
0.0,1.0;
0.0,1.0;
40.7,45.0;
0.0,1.0;
0.0,1.0;
46.3,33.0;
44.7,39.0;
39.4,31.0;
55.1,44.0;
37.8,40.0;
41.7,34.0;
36.0,37.0;
43.6,33.0;
0.0,1.0;
32.3,42.0;
0.0,1.0;
29.7,33.0;
0.0,1.0;
0.0,1.0;
31.4,37.0;
47.5,29.0;
69.4,34.0;
29.8,43.0;
7.1,4.0;
23.2,43.0;
45.7,37.0;
36.2,35.0;
21.3,41.0;
29.4,31.0;
0.0,1.0;
59.1,32.0;
29.3,39.0;
62.1,27.0;
73.0,27.0;
0.0,1.0;
0.0,1.0;
52.7,28.0;
6.6,2.0;
33.4,37.0;
0.0,1.0;
0.0,1.0;
34.0,26.0;
0.0,1.0;
0.0,1.0;
0.0,1.0;
2.7,3.0;
30.7,30.0;
55.2,31.0;
56.3,30.0;
31.5,34.0;
42.0,49.0;
54.1,33.0;
18.7,9.0;
38.4,44.0;
35.3,24.0;
33.1,38.0;
27.7,26.0;
0.0,1.0;
40.8,32.0;
2.0,3.0;
0.0,1.0;
33.2,31.0;
34.2,31.0;
0.0,1.0;
55.1,41.0;
34.1,29.0;
0.0,1.0;
0.0,1.0;
41.3,30.0;
0.0,1.0;
39.5,47.0;
33.3,34.0;
43.7,37.0;
0.0,1.0;
24.8,46.0;
61.3,34.0;
0.0,1.0;
36.3,40.0;
45.7,37.0;
65.6,26.0;
0.0,1.0;
0.0,1.0;
36.2,52.0;
50.1,29.0;
38.9,30.0;
45.2,43.0;
35.4,39.0;
26.3,38.0;
45.7,32.0;
37.9,40.0;
56.3,38.0;
30.9,42.0;
0.0,1.0;
0.0,1.0;
24.4,35.0;
0.0,1.0;
28.3,35.0;
51.1,24.0;
33.9,34.0;
48.7,29.0;
55.5,27.0;
39.0,38.0;
0.0,1.0;
0.8,2.0;
0.0,1.0;
35.2,41.0;
0.0,1.0;
1.1,2.0;
74.0,31.0;
54.3,38.0;
0.0,1.0;
0.0,1.0;
44.5,27.0;
0.0,1.0;
0.0,1.0;
0.5,2.0;
24.1,28.0;
0.0,1.0;
33.5,39.0;
0.0,1.0;
41.8,49.0;
14.7,33.0;
31.3,40.0;
0.0,1.0;
32.2,43.0;
22.9,36.0;
30.7,34.0;
37.4,37.0;
1.9,3.0;
0.0,1.0;
36.6,33.0;
46.8,32.0;
36.8,40.0;
53.9,25.0;
39.2,31.0;
27.6,38.0;
0.0,1.0;
92.8,19.0;
32.4,42.0;
33.3,33.0;
37.2,50.0;
32.5,51.0;
30.3,42.0;
18.7,29.0;
40.9,25.0;
0.0,1.0;
41.1,26.0;
42.3,37.0;
35.9,37.0;
74.5,15.0;
0.0,1.0;
80.3,26.0;
0.0,1.0;
32.9,32.0;
0.0,1.0;
3.6,3.0;
31.6,39.0;
45.0,41.0;
35.4,34.0;
43.4,31.0;
0.0,1.0;
0.0,1.0;
40.1,34.0;
57.3,40.0;
35.7,39.0;
0.9,2.0;
46.5,41.0;
31.1,54.0;
27.6,45.0;
39.0,36.0;
53.9,46.0;
36.5,47.0;
0.0,1.0;
61.2,32.0;
0.0,1.0;
69.3,48.0;
40.8,37.0;
3.8,2.0;
30.3,31.0;
37.7,28.0;
48.6,48.0;
7.2,2.0;
0.0,1.0;
28.7,47.0;
0.0,1.0;
28.1,41.0;
0.0,1.0;
26.8,43.0;
0.0,1.0;
68.0,32.0;
46.8,34.0;
40.2,33.0;
44.9,39.0;
23.8,41.0;
29.7,27.0;
23.4,40.0;
0.0,1.0;
33.6,32.0;
49.5,34.0;
0.0,1.0;
0.0,1.0;
47.8,25.0;
35.4,41.0;
38.9,25.0;
42.6,33.0;
0.0,1.0;
61.3,31.0;
52.1,36.0;
46.2,29.0;
0.0,1.0;
32.2,34.0;
51.0,31.0;
0.0,1.0;
28.6,47.0;
0.0,1.0;
27.1,41.0;
45.4,29.0;
0.0,1.0;
56.8,29.0;
40.1,51.0;
40.1,43.0;
52.9,44.0;
1.0,2.0;
42.3,28.0;
46.7,30.0;
0.0,1.0;
0.0,1.0;
0.0,1.0;
0.0,1.0;
28.8,40.0;
48.0,37.0;
33.8,34.0;
0.0,1.0;
0.0,1.0;
36.8,42.0;
49.9,33.0;
22.3,37.0;
44.7,29.0;
0.0,1.0;
0.0,1.0;
26.3,38.0;
38.8,41.0;
0.0,1.0;
36.0,43.0;
26.7,51.0;
27.3,40.0;
43.8,39.0;
54.0,40.0;
21.0,40.0;
36.6,34.0;
38.7,43.0;
15.7,3.0;
59.6,38.0;
36.1,32.0;
51.2,33.0;
44.3,40.0;
25.5,37.0;
36.5,43.0;
34.8,37.0;
0.4,2.0;
44.6,36.0;
2.0,2.0;
86.0,17.0;
42.3,41.0;
46.4,42.0;
0.0,1.0;
0.0,1.0;
34.3,32.0;
44.5,39.0;
40.5,40.0;
48.4,39.0;
36.4,32.0;
0.0,1.0;
9.6,4.0;
25.7,38.0;
46.8,26.0;
32.6,26.0;
39.8,41.0;
0.0,1.0;
33.7,34.0;
40.1,33.0;
44.3,35.0;
0.0,1.0;
73.2,25.0;
0.0,1.0;
69.2,23.0;
0.0,1.0;
39.1,34.0;
50.8,33.0;
32.0,36.0;
0.0,1.0;
0.0,1.0;
56.0,34.0;
48.5,28.0;
35.7,30.0;
0.0,1.0;
4.7,2.0;
30.7,33.0;
40.7,46.0;
0.0,1.0;
0.0,1.0;
27.9,49.0;
19.1,5.0;
18.7,2.0;
4.1,3.0;
26.4,49.0;
51.9,33.0;
39.7,42.0;
56.4,28.0;
0.0,1.0;
39.6,29.0;
44.4,44.0;
34.3,35.0;
0.0,1.0;
27.4,42.0;
0.0,1.0;
39.1,46.0;
0.0,1.0;
0.0,1.0;
0.0,1.0;
34.4,35.0;
55.7,25.0;
50.0,19.0;
42.1,32.0;
0.0,1.0;
26.3,16.0;
48.3,29.0;
0.0,1.0;
11.7,2.0;
38.1,36.0;
32.6,44.0;
5.3,3.0;
0.0,1.0;
36.2,34.0;
56.1,35.0;
16.3,49.0;
24.6,44.0;
1.3,2.0;
34.3,33.0;
40.2,31.0;
35.9,40.0;
17.5,2.0;
0.0,1.0;
29.6,40.0;
0.0,1.0;
35.1,27.0;
48.8,28.0;
30.8,23.0;
41.9,35.0;
2.6,2.0;
3.3,4.0;
0.0,1.0;
47.3,36.0;
31.0,40.0;
0.0,1.0;
30.8,41.0;
0.0,1.0;
33.7,40.0;
24.6,33.0;
55.2,23.0;
37.7,34.0;
0.0,1.0;
33.4,31.0;
72.6,42.0;
39.4,28.0;
56.5,36.0;
0.0,1.0;
45.4,35.0;
2.1,2.0;
51.1,31.0;
0.0,1.0;
20.4,26.0;
0.0,1.0;
0.0,1.0;
41.8,38.0;
0.0,1.0;
0.0,1.0;
0.0,1.0;
31.1,36.0;
0.0,1.0;
36.3,33.0;
49.6,44.0;
0.0,1.0;
49.0,22.0;
0.0,1.0;
0.0,1.0;
41.3,47.0;
33.5,38.0;
58.8,32.0;
44.9,31.0;
28.0,39.0;
0.0,1.0;
20.9,26.0;
37.3,41.0;
36.2,31.0;
4.2,2.0;
0.0,1.0;
39.9,29.0;
33.9,50.0;
59.1,23.0;
0.0,1.0;
69.4,29.0;
39.9,34.0;
0.0,1.0;
0.0,1.0;
8.9,3.0;
3.3,3.0;
0.0,1.0;
36.2,37.0;
0.0,1.0;
2.4,2.0;
77.7,29.0;
55.8,38.0;
25.6,44.0;
31.6,24.0;
30.5,31.0;
36.0,30.0;
0.0,1.0;
30.1,42.0;
25.9,47.0;
34.0,43.0;
0.0,1.0;
2.2,3.0;
25.4,30.0;
36.2,35.0;
45.1,39.0;
38.0,39.0;
0.0,1.0;
53.5,23.0;
0.0,1.0;
42.1,43.0;
17.2,2.0;
0.0,1.0;
0.0,1.0;
52.2,40.0;
49.6,34.0;
0.0,1.0;
62.0,25.0;
43.0,24.0;
0.0,1.0;
31.2,44.0;
36.8,36.0;
0.0,1.0;
30.7,36.0;
33.5,47.0;
73.8,26.0;
34.2,35.0;
71.7,39.0;
37.3,38.0;
52.4,32.0;
0.0,1.0;
21.5,34.0;
56.5,36.0;
32.4,39.0;
0.0,1.0;
0.0,1.0;
49.3,35.0;
3.4,2.0;
38.5,45.0;
34.2,30.0;
41.7,40.0;
0.0,1.0;
49.9,41.0;
51.1,38.0;
51.0,40.0;
64.7,36.0;
33.9,48.0;
22.8,33.0;
33.1,47.0;
7.6,2.0;
49.0,34.0;
1.8,2.0;
0.0,1.0;
7.2,3.0;
42.0,33.0;
0.0,1.0;
40.7,41.0;
26.5,39.0;
0.0,1.0;
72.1,28.0;
0.0,1.0;
51.2,36.0;
39.1,35.0;
40.5,33.0;
0.0,1.0;
0.0,1.0;
0.0,1.0;
41.8,30.0;
35.7,38.0;
54.6,33.0;
0.0,1.0;
52.8,26.0;
50.2,30.0;
46.2,34.0;
0.0,1.0;
0.0,1.0;
0.0,1.0;
28.3,36.0;
0.0,1.0;
1.9,2.0;
46.6,37.0;
56.2,45.0;
44.6,34.0;
41.3,40.0;
31.8,29.0;
0.0,1.0;
0.0,1.0;
89.7,26.0;
35.7,23.0;
27.7,32.0;
45.2,37.0;
43.2,36.0;
43.2,34.0;
1.0,3.0;
48.4,42.0;
61.4,25.0;
61.6,29.0;
47.7,34.0;
43.3,43.0;
0.6,2.0;
38.9,23.0;
50.4,40.0;
0.0,1.0;
24.0,27.0;
22.0,37.0;
0.0,1.0;
32.2,46.0;
55.5,41.0;
0.0,1.0;
0.0,1.0;
0.0,1.0;
77.5,21.0;
49.1,31.0;
49.3,35.0;
0.0,1.0;
27.6,40.0;
0.0,1.0;
39.3,37.0;
31.9,44.0;
54.4,24.0;
35.8,49.0;
0.0,1.0;
42.6,33.0;
23.3,35.0;
50.0,43.0;
35.5,24.0;
0.0,1.0;
56.6,27.0;
28.4,24.0;
0.0,1.0;
18.6,23.0;
0.0,1.0;
35.1,44.0;
32.4,43.0;
31.3,34.0;
24.3,38.0;
31.1,29.0;
37.8,47.0;
32.9,37.0;
0.0,1.0;
44.3,32.0;
39.9,41.0;
0.0,1.0;
55.4,39.0;
54.2,26.0;
3.8,2.0;
58.0,35.0;
0.0,1.0;
0.0,1.0;
0.0,1.0;
55.8,29.0;
29.5,41.0;
0.0,1.0;
1.0,2.0;
42.3,43.0;
23.2,4.0;
0.0,1.0;
30.1,40.0;
46.0,48.0;
44.8,40.0;
0.0,1.0;
12.7,7.0;
0.0,1.0;
47.9,34.0;
35.2,39.0;
0.0,1.0;
43.7,24.0;
28.9,38.0;
38.8,26.0;
0.0,1.0;
33.7,27.0;
0.0,1.0;
24.8,36.0;
48.7,42.0;
34.5,32.0;
2.3,2.0;
15.0,3.0;
10.9,2.0;
0.0,1.0;
42.7,35.0;
28.1,21.0;
47.4,42.0;
47.5,34.0;
32.2,42.0;
32.6,48.0;
1.9,2.0;
46.8,43.0;
39.6,38.0;
26.3,51.0;
39.5,38.0;
23.7,28.0;
35.9,42.0;
31.6,37.0;
22.1,55.0;
0.0,1.0;
45.8,33.0;
34.8,33.0;
0.0,1.0;
2.0,2.0;
19.6,42.0;
43.1,34.0;
47.8,38.0;
0.0,1.0;
56.4,37.0;
40.3,37.0;
36.8,42.0;
44.0,43.0;
41.2,27.0;
0.0,1.0;
9.2,2.0;
29.4,44.0;
