dynamics = [
440.0,1.0,0.0;
440.0,1.0,0.0;
440.0,1.0,0.0;
440.0,1.0,0.0;
440.0,1.0,0.0;
440.0,1.0,0.0;
440.0,1.0,0.0;
440.0,1.0,0.0;
440.0,1.0,0.0;
440.0,1.0,0.0;
440.0,1.0,0.0;
440.0,1.0,0.0;
440.0,1.0,0.0;
440.0,1.0,0.0;
440.0,1.0,0.0;
440.0,1.0,0.0;
440.0,1.0,0.0;
440.0,1.0,0.0;
440.0,1.0,0.0;
440.0,1.0,0.0;
440.0,1.0,0.0;
440.0,1.0,0.0;
440.0,1.0,0.0;
440.0,1.0,0.0;
440.0,1.0,0.0;
440.0,1.0,0.0;
440.0,1.0,0.0;
440.0,1.0,0.0;
440.0,1.0,0.0;
440.0,1.0,0.0;
440.0,1.0,0.0;
440.0,1.0,0.0;
440.0,1.0,0.0;
440.0,1.0,0.0;
439.0,2.0,0.0;
439.0,2.0,0.0;
439.0,2.0,0.0;
439.0,2.0,0.0;
439.0,2.0,0.0;
439.0,2.0,0.0;
438.0,3.0,0.0;
438.0,3.0,0.0;
438.0,3.0,0.0;
438.0,3.0,0.0;
438.0,3.0,0.0;
438.0,3.0,0.0;
438.0,3.0,0.0;
437.0,4.0,0.0;
437.0,4.0,0.0;
437.0,4.0,0.0;
437.0,3.0,1.0;
437.0,3.0,1.0;
437.0,3.0,1.0;
437.0,3.0,1.0;
437.0,3.0,1.0;
437.0,3.0,1.0;
437.0,3.0,1.0;
437.0,3.0,1.0;
437.0,3.0,1.0;
437.0,3.0,1.0;
437.0,3.0,1.0;
436.0,4.0,1.0;
436.0,4.0,1.0;
436.0,4.0,1.0;
436.0,4.0,1.0;
436.0,4.0,1.0;
436.0,4.0,1.0;
436.0,4.0,1.0;
436.0,4.0,1.0;
436.0,4.0,1.0;
436.0,4.0,1.0;
435.0,5.0,1.0;
435.0,5.0,1.0;
435.0,5.0,1.0;
435.0,5.0,1.0;
434.0,6.0,1.0;
434.0,6.0,1.0;
434.0,6.0,1.0;
434.0,6.0,1.0;
434.0,6.0,1.0;
434.0,6.0,1.0;
434.0,6.0,1.0;
434.0,6.0,1.0;
434.0,6.0,1.0;
434.0,6.0,1.0;
434.0,6.0,1.0;
434.0,6.0,1.0;
434.0,6.0,1.0;
434.0,6.0,1.0;
434.0,6.0,1.0;
434.0,6.0,1.0;
434.0,6.0,1.0;
434.0,6.0,1.0;
434.0,6.0,1.0;
434.0,6.0,1.0;
434.0,6.0,1.0;
434.0,6.0,1.0;
434.0,6.0,1.0;
434.0,6.0,1.0;
434.0,6.0,1.0;
434.0,6.0,1.0;
434.0,6.0,1.0;
434.0,6.0,1.0;
433.0,7.0,1.0;
433.0,7.0,1.0;
433.0,7.0,1.0;
433.0,7.0,1.0;
432.0,8.0,1.0;
432.0,8.0,1.0;
432.0,8.0,1.0;
432.0,8.0,1.0;
432.0,8.0,1.0;
432.0,8.0,1.0;
432.0,8.0,1.0;
432.0,8.0,1.0;
431.0,9.0,1.0;
431.0,9.0,1.0;
431.0,9.0,1.0;
431.0,9.0,1.0;
431.0,9.0,1.0;
431.0,9.0,1.0;
430.0,10.0,1.0;
430.0,10.0,1.0;
430.0,10.0,1.0;
430.0,10.0,1.0;
430.0,10.0,1.0;
430.0,10.0,1.0;
430.0,10.0,1.0;
430.0,9.0,2.0;
430.0,9.0,2.0;
430.0,9.0,2.0;
430.0,9.0,2.0;
430.0,9.0,2.0;
430.0,8.0,3.0;
430.0,8.0,3.0;
430.0,8.0,3.0;
430.0,8.0,3.0;
430.0,8.0,3.0;
430.0,8.0,3.0;
430.0,8.0,3.0;
430.0,8.0,3.0;
430.0,8.0,3.0;
430.0,8.0,3.0;
430.0,8.0,3.0;
430.0,8.0,3.0;
430.0,8.0,3.0;
430.0,7.0,4.0;
430.0,6.0,5.0;
430.0,6.0,5.0;
430.0,6.0,5.0;
430.0,6.0,5.0;
430.0,6.0,5.0;
430.0,6.0,5.0;
430.0,6.0,5.0;
430.0,6.0,5.0;
430.0,6.0,5.0;
430.0,6.0,5.0;
430.0,6.0,5.0;
430.0,6.0,5.0;
430.0,6.0,5.0;
430.0,6.0,5.0;
430.0,6.0,5.0;
430.0,6.0,5.0;
430.0,6.0,5.0;
430.0,6.0,5.0;
430.0,6.0,5.0;
429.0,7.0,5.0;
429.0,7.0,5.0;
429.0,7.0,5.0;
429.0,7.0,5.0;
429.0,7.0,5.0;
429.0,7.0,5.0;
429.0,7.0,5.0;
429.0,7.0,5.0;
429.0,7.0,5.0;
429.0,7.0,5.0;
429.0,7.0,5.0;
429.0,7.0,5.0;
429.0,7.0,5.0;
429.0,7.0,5.0;
429.0,7.0,5.0;
429.0,7.0,5.0;
428.0,8.0,5.0;
428.0,8.0,5.0;
428.0,8.0,5.0;
428.0,8.0,5.0;
428.0,8.0,5.0;
428.0,8.0,5.0;
428.0,8.0,5.0;
428.0,8.0,5.0;
427.0,9.0,5.0;
427.0,9.0,5.0;
427.0,9.0,5.0;
426.0,10.0,5.0;
426.0,10.0,5.0;
426.0,10.0,5.0;
426.0,10.0,5.0;
426.0,10.0,5.0;
425.0,11.0,5.0;
425.0,10.0,6.0;
425.0,10.0,6.0;
424.0,11.0,6.0;
424.0,11.0,6.0;
424.0,11.0,6.0;
423.0,12.0,6.0;
423.0,12.0,6.0;
423.0,12.0,6.0;
423.0,12.0,6.0;
423.0,12.0,6.0;
423.0,12.0,6.0;
420.0,15.0,6.0;
420.0,15.0,6.0;
420.0,15.0,6.0;
419.0,15.0,7.0;
419.0,15.0,7.0;
419.0,15.0,7.0;
418.0,16.0,7.0;
418.0,16.0,7.0;
418.0,16.0,7.0;
418.0,16.0,7.0;
418.0,15.0,8.0;
418.0,15.0,8.0;
418.0,15.0,8.0;
418.0,15.0,8.0;
418.0,15.0,8.0;
418.0,15.0,8.0;
417.0,16.0,8.0;
417.0,16.0,8.0;
417.0,16.0,8.0;
417.0,16.0,8.0;
417.0,16.0,8.0;
417.0,16.0,8.0;
417.0,16.0,8.0;
417.0,16.0,8.0;
416.0,17.0,8.0;
416.0,17.0,8.0;
416.0,17.0,8.0;
415.0,18.0,8.0;
414.0,19.0,8.0;
414.0,18.0,9.0;
414.0,18.0,9.0;
413.0,19.0,9.0;
413.0,19.0,9.0;
413.0,19.0,9.0;
413.0,19.0,9.0;
413.0,19.0,9.0;
413.0,19.0,9.0;
413.0,19.0,9.0;
413.0,19.0,9.0;
413.0,19.0,9.0;
413.0,18.0,10.0;
413.0,18.0,10.0;
413.0,17.0,11.0;
413.0,17.0,11.0;
413.0,17.0,11.0;
413.0,15.0,13.0;
413.0,15.0,13.0;
413.0,15.0,13.0;
413.0,15.0,13.0;
413.0,15.0,13.0;
413.0,15.0,13.0;
413.0,15.0,13.0;
413.0,15.0,13.0;
412.0,16.0,13.0;
412.0,16.0,13.0;
412.0,16.0,13.0;
412.0,16.0,13.0;
412.0,16.0,13.0;
412.0,16.0,13.0;
412.0,16.0,13.0;
412.0,16.0,13.0;
412.0,16.0,13.0;
412.0,16.0,13.0;
412.0,16.0,13.0;
412.0,16.0,13.0;
411.0,17.0,13.0;
411.0,17.0,13.0;
411.0,17.0,13.0;
410.0,18.0,13.0;
410.0,18.0,13.0;
410.0,18.0,13.0;
410.0,18.0,13.0;
410.0,18.0,13.0;
409.0,19.0,13.0;
409.0,19.0,13.0;
408.0,20.0,13.0;
408.0,20.0,13.0;
408.0,20.0,13.0;
408.0,20.0,13.0;
408.0,20.0,13.0;
408.0,20.0,13.0;
407.0,21.0,13.0;
407.0,21.0,13.0;
407.0,21.0,13.0;
407.0,21.0,13.0;
407.0,21.0,13.0;
406.0,22.0,13.0;
406.0,22.0,13.0;
405.0,23.0,13.0;
404.0,24.0,13.0;
404.0,24.0,13.0;
404.0,24.0,13.0;
404.0,24.0,13.0;
404.0,24.0,13.0;
404.0,24.0,13.0;
403.0,25.0,13.0;
402.0,26.0,13.0;
402.0,26.0,13.0;
402.0,26.0,13.0;
402.0,26.0,13.0;
402.0,26.0,13.0;
402.0,26.0,13.0;
402.0,26.0,13.0;
402.0,26.0,13.0;
402.0,26.0,13.0;
402.0,26.0,13.0;
402.0,26.0,13.0;
402.0,26.0,13.0;
402.0,26.0,13.0;
402.0,26.0,13.0;
402.0,26.0,13.0;
402.0,26.0,13.0;
402.0,26.0,13.0;
402.0,26.0,13.0;
401.0,26.0,14.0;
401.0,26.0,14.0;
401.0,26.0,14.0;
401.0,25.0,15.0;
400.0,25.0,16.0;
400.0,25.0,16.0;
400.0,25.0,16.0;
400.0,25.0,16.0;
400.0,25.0,16.0;
400.0,25.0,16.0;
400.0,25.0,16.0;
400.0,24.0,17.0;
400.0,24.0,17.0;
399.0,25.0,17.0;
399.0,24.0,18.0;
399.0,23.0,19.0;
399.0,23.0,19.0;
399.0,23.0,19.0;
399.0,23.0,19.0;
398.0,24.0,19.0;
398.0,24.0,19.0;
397.0,24.0,20.0;
397.0,24.0,20.0;
397.0,24.0,20.0;
397.0,24.0,20.0;
397.0,24.0,20.0;
397.0,24.0,20.0;
397.0,24.0,20.0;
396.0,25.0,20.0;
396.0,25.0,20.0;
396.0,25.0,20.0;
396.0,25.0,20.0;
396.0,25.0,20.0;
396.0,25.0,20.0;
395.0,26.0,20.0;
394.0,27.0,20.0;
394.0,27.0,20.0;
394.0,27.0,20.0;
391.0,30.0,20.0;
391.0,30.0,20.0;
391.0,30.0,20.0;
391.0,30.0,20.0;
391.0,30.0,20.0;
391.0,30.0,20.0;
390.0,30.0,21.0;
388.0,31.0,22.0;
388.0,31.0,22.0;
388.0,30.0,23.0;
388.0,30.0,23.0;
386.0,32.0,23.0;
386.0,31.0,24.0;
386.0,30.0,25.0;
386.0,29.0,26.0;
386.0,29.0,26.0;
386.0,29.0,26.0;
386.0,29.0,26.0;
386.0,29.0,26.0;
386.0,27.0,28.0;
386.0,27.0,28.0;
386.0,27.0,28.0;
386.0,27.0,28.0;
386.0,27.0,28.0;
386.0,27.0,28.0;
386.0,27.0,28.0;
385.0,28.0,28.0;
385.0,28.0,28.0;
385.0,28.0,28.0;
384.0,29.0,28.0;
384.0,29.0,28.0;
384.0,29.0,28.0;
384.0,29.0,28.0;
384.0,29.0,28.0;
384.0,29.0,28.0;
384.0,29.0,28.0;
382.0,31.0,28.0;
382.0,31.0,28.0;
382.0,31.0,28.0;
382.0,31.0,28.0;
382.0,31.0,28.0;
382.0,31.0,28.0;
382.0,31.0,28.0;
381.0,32.0,28.0;
381.0,31.0,29.0;
381.0,31.0,29.0;
381.0,31.0,29.0;
381.0,31.0,29.0;
381.0,31.0,29.0;
381.0,30.0,30.0;
381.0,30.0,30.0;
381.0,30.0,30.0;
381.0,30.0,30.0;
380.0,31.0,30.0;
380.0,30.0,31.0;
380.0,30.0,31.0;
379.0,31.0,31.0;
378.0,31.0,32.0;
377.0,31.0,33.0;
376.0,32.0,33.0;
376.0,32.0,33.0;
376.0,32.0,33.0;
376.0,32.0,33.0;
376.0,32.0,33.0;
376.0,31.0,34.0;
375.0,32.0,34.0;
375.0,31.0,35.0;
375.0,30.0,36.0;
375.0,30.0,36.0;
375.0,30.0,36.0;
375.0,30.0,36.0;
375.0,30.0,36.0;
375.0,30.0,36.0;
375.0,30.0,36.0;
375.0,30.0,36.0;
375.0,30.0,36.0;
375.0,30.0,36.0;
375.0,30.0,36.0;
375.0,30.0,36.0;
375.0,30.0,36.0;
375.0,30.0,36.0;
375.0,30.0,36.0;
375.0,30.0,36.0;
375.0,29.0,37.0;
375.0,28.0,38.0;
374.0,29.0,38.0;
374.0,29.0,38.0;
373.0,30.0,38.0;
373.0,30.0,38.0;
371.0,32.0,38.0;
370.0,33.0,38.0;
369.0,34.0,38.0;
369.0,34.0,38.0;
368.0,34.0,39.0;
368.0,34.0,39.0;
367.0,34.0,40.0;
367.0,34.0,40.0;
367.0,34.0,40.0;
367.0,33.0,41.0;
367.0,33.0,41.0;
367.0,33.0,41.0;
367.0,33.0,41.0;
367.0,33.0,41.0;
367.0,33.0,41.0;
367.0,33.0,41.0;
367.0,33.0,41.0;
367.0,33.0,41.0;
367.0,33.0,41.0;
366.0,34.0,41.0;
366.0,34.0,41.0;
366.0,34.0,41.0;
366.0,34.0,41.0;
366.0,34.0,41.0;
366.0,34.0,41.0;
366.0,34.0,41.0;
366.0,32.0,43.0;
366.0,32.0,43.0;
366.0,32.0,43.0;
366.0,32.0,43.0;
366.0,32.0,43.0;
366.0,32.0,43.0;
366.0,32.0,43.0;
366.0,32.0,43.0;
365.0,33.0,43.0;
365.0,33.0,43.0;
365.0,33.0,43.0;
363.0,35.0,43.0;
363.0,35.0,43.0;
363.0,35.0,43.0;
363.0,34.0,44.0;
363.0,34.0,44.0;
362.0,35.0,44.0;
362.0,35.0,44.0;
