steps = 500;
dt = 1.0;
replications = 0;
dynamics = [
1.000,0.000,0.000;
1.000,0.000,0.000;
1.000,0.000,0.000;
0.999,0.001,0.000;
0.999,0.001,0.000;
0.999,0.001,0.000;
0.999,0.001,0.000;
0.999,0.001,0.000;
0.999,0.001,0.000;
0.999,0.001,0.000;
0.999,0.001,0.000;
0.999,0.001,0.000;
0.999,0.001,0.000;
0.999,0.001,0.000;
0.998,0.002,0.000;
0.998,0.002,0.000;
0.998,0.001,0.000;
0.998,0.001,0.000;
0.998,0.001,0.001;
0.998,0.001,0.001;
0.998,0.001,0.001;
0.998,0.001,0.001;
0.998,0.001,0.001;
0.998,0.001,0.001;
0.998,0.001,0.001;
0.998,0.001,0.001;
0.998,0.001,0.001;
0.998,0.001,0.001;
0.998,0.001,0.001;
0.998,0.001,0.002;
0.998,0.001,0.002;
0.998,0.001,0.002;
0.997,0.001,0.002;
0.997,0.001,0.002;
0.996,0.002,0.002;
0.995,0.002,0.002;
0.995,0.003,0.002;
0.995,0.003,0.002;
0.995,0.003,0.002;
0.995,0.003,0.002;
0.995,0.003,0.002;
0.995,0.003,0.002;
0.994,0.003,0.002;
0.994,0.003,0.002;
0.993,0.004,0.002;
0.993,0.005,0.002;
0.993,0.005,0.002;
0.992,0.005,0.003;
0.992,0.005,0.003;
0.992,0.005,0.004;
0.991,0.004,0.005;
0.991,0.004,0.005;
0.991,0.004,0.005;
0.991,0.004,0.005;
0.991,0.004,0.005;
0.990,0.004,0.005;
0.990,0.004,0.005;
0.990,0.004,0.006;
0.990,0.004,0.006;
0.989,0.004,0.007;
0.988,0.004,0.007;
0.988,0.004,0.007;
0.987,0.005,0.008;
0.987,0.005,0.008;
0.987,0.005,0.008;
0.986,0.005,0.009;
0.986,0.005,0.009;
0.985,0.006,0.009;
0.985,0.006,0.009;
0.984,0.007,0.009;
0.984,0.007,0.010;
0.984,0.007,0.010;
0.983,0.007,0.010;
0.983,0.007,0.010;
0.983,0.006,0.011;
0.983,0.005,0.012;
0.982,0.006,0.012;
0.982,0.005,0.013;
0.982,0.005,0.013;
0.981,0.005,0.013;
0.980,0.006,0.014;
0.980,0.006,0.014;
0.979,0.006,0.015;
0.977,0.008,0.015;
0.977,0.007,0.016;
0.977,0.007,0.016;
0.976,0.008,0.016;
0.976,0.008,0.017;
0.975,0.008,0.017;
0.974,0.009,0.017;
0.973,0.010,0.017;
0.972,0.011,0.018;
0.971,0.012,0.018;
0.970,0.012,0.018;
0.968,0.013,0.019;
0.967,0.014,0.020;
0.966,0.015,0.020;
0.964,0.015,0.021;
0.964,0.013,0.023;
0.963,0.015,0.023;
0.962,0.015,0.023;
0.961,0.015,0.024;
0.960,0.016,0.024;
0.958,0.017,0.025;
0.956,0.018,0.026;
0.955,0.018,0.027;
0.953,0.018,0.028;
0.952,0.019,0.029;
0.950,0.020,0.030;
0.948,0.020,0.032;
0.945,0.022,0.033;
0.943,0.023,0.034;
0.940,0.024,0.036;
0.937,0.027,0.036;
0.935,0.028,0.037;
0.932,0.030,0.038;
0.929,0.032,0.039;
0.925,0.035,0.040;
0.921,0.038,0.042;
0.915,0.042,0.044;
0.912,0.042,0.045;
0.908,0.046,0.047;
0.902,0.050,0.048;
0.898,0.052,0.050;
0.894,0.055,0.052;
0.887,0.058,0.055;
0.881,0.062,0.057;
0.874,0.066,0.060;
0.868,0.069,0.063;
0.859,0.076,0.065;
0.854,0.078,0.068;
0.845,0.084,0.071;
0.837,0.088,0.075;
0.830,0.091,0.079;
0.819,0.096,0.085;
0.805,0.107,0.088;
0.795,0.112,0.092;
0.787,0.115,0.098;
0.775,0.122,0.102;
0.763,0.130,0.106;
0.752,0.135,0.113;
0.741,0.140,0.119;
0.731,0.143,0.126;
0.717,0.151,0.132;
0.707,0.152,0.141;
0.694,0.160,0.146;
0.683,0.162,0.155;
0.668,0.169,0.163;
0.655,0.175,0.170;
0.643,0.176,0.181;
0.630,0.175,0.195;
0.620,0.175,0.205;
0.608,0.179,0.213;
0.589,0.186,0.225;
0.576,0.187,0.237;
0.564,0.188,0.248;
0.551,0.190,0.259;
0.538,0.193,0.269;
0.529,0.188,0.283;
0.516,0.191,0.293;
0.502,0.192,0.306;
0.493,0.190,0.317;
0.483,0.185,0.332;
0.473,0.182,0.345;
0.462,0.181,0.357;
0.450,0.180,0.370;
0.445,0.175,0.380;
0.437,0.171,0.392;
0.427,0.162,0.411;
0.421,0.155,0.424;
0.411,0.153,0.436;
0.406,0.145,0.449;
0.398,0.140,0.462;
0.390,0.139,0.471;
0.382,0.134,0.484;
0.379,0.122,0.498;
0.376,0.117,0.507;
0.369,0.114,0.517;
0.363,0.110,0.527;
0.358,0.103,0.538;
0.355,0.095,0.550;
0.352,0.093,0.555;
0.347,0.090,0.563;
0.342,0.085,0.573;
0.336,0.085,0.579;
0.333,0.078,0.589;
0.331,0.075,0.594;
0.328,0.070,0.602;
0.326,0.063,0.610;
0.326,0.056,0.618;
0.323,0.057,0.621;
0.321,0.055,0.624;
0.318,0.050,0.631;
0.316,0.047,0.637;
0.315,0.043,0.642;
0.314,0.041,0.645;
0.313,0.038,0.648;
0.312,0.035,0.653;
0.310,0.032,0.658;
0.308,0.028,0.664;
0.307,0.026,0.667;
0.306,0.025,0.669;
0.306,0.023,0.672;
0.306,0.021,0.674;
0.305,0.020,0.674;
0.303,0.019,0.677;
0.303,0.018,0.679;
0.303,0.016,0.682;
0.302,0.015,0.684;
0.301,0.013,0.685;
0.301,0.013,0.686;
0.300,0.013,0.687;
0.300,0.012,0.688;
0.299,0.011,0.690;
0.299,0.009,0.692;
0.299,0.008,0.693;
0.298,0.008,0.694;
0.298,0.008,0.694;
0.298,0.008,0.694;
0.298,0.008,0.695;
0.297,0.006,0.697;
0.297,0.005,0.697;
0.296,0.006,0.697;
0.296,0.005,0.698;
0.296,0.006,0.699;
0.295,0.006,0.699;
0.295,0.005,0.700;
0.295,0.005,0.700;
0.295,0.004,0.701;
0.295,0.004,0.701;
0.294,0.005,0.701;
0.294,0.004,0.702;
0.294,0.004,0.702;
0.294,0.004,0.702;
0.294,0.004,0.702;
0.294,0.003,0.703;
0.293,0.004,0.703;
0.293,0.003,0.704;
0.293,0.003,0.704;
0.293,0.003,0.704;
0.293,0.002,0.705;
0.293,0.002,0.705;
0.293,0.002,0.705;
0.293,0.002,0.705;
0.293,0.002,0.705;
0.293,0.001,0.706;
0.293,0.001,0.706;
0.293,0.001,0.706;
0.293,0.001,0.706;
0.293,0.001,0.706;
0.293,0.001,0.706;
0.293,0.001,0.707;
0.293,0.000,0.707;
0.293,0.000,0.707;
0.293,0.000,0.707;
0.293,0.000,0.707;
0.293,0.000,0.707;
0.293,0.000,0.707;
0.293,0.000,0.707;
0.293,0.000,0.707;
0.293,0.000,0.707;
0.293,0.000,0.707;
0.293,0.000,0.707;
0.293,0.000,0.707;
0.293,0.000,0.707;
0.293,0.000,0.707;
0.293,0.000,0.707;
0.293,0.000,0.707;
0.293,0.000,0.707;
0.293,0.000,0.707;
0.293,0.000,0.707;
0.293,0.000,0.707;
0.293,0.000,0.707;
0.293,0.000,0.707;
0.293,0.000,0.707;
0.293,0.000,0.707;
0.293,0.000,0.707;
0.293,0.000,0.707;
0.293,0.000,0.707;
0.293,0.000,0.707;
0.293,0.000,0.707;
0.293,0.000,0.707;
0.293,0.000,0.707;
0.293,0.000,0.707;
0.293,0.000,0.707;
0.293,0.000,0.707;
0.293,0.000,0.707;
0.293,0.000,0.707;
0.293,0.000,0.707;
0.293,0.000,0.707;
0.293,0.000,0.707;
0.293,0.000,0.707;
0.293,0.000,0.707;
0.293,0.000,0.707;
0.293,0.000,0.707;
0.293,0.000,0.707;
0.293,0.000,0.707;
0.293,0.000,0.707;
0.293,0.000,0.707;
0.293,0.000,0.707;
0.293,0.000,0.707;
0.293,0.000,0.707;
0.293,0.000,0.707;
0.293,0.000,0.707;
0.293,0.000,0.707;
0.293,0.000,0.707;
0.293,0.000,0.707;
0.293,0.000,0.707;
0.293,0.000,0.707;
0.293,0.000,0.707;
0.293,0.000,0.707;
0.293,0.000,0.707;
0.293,0.000,0.707;
0.293,0.000,0.707;
0.293,0.000,0.707;
0.293,0.000,0.707;
0.293,0.000,0.707;
0.293,0.000,0.707;
0.293,0.000,0.707;
0.293,0.000,0.707;
0.293,0.000,0.707;
0.293,0.000,0.707;
0.293,0.000,0.707;
0.293,0.000,0.707;
0.293,0.000,0.707;
0.293,0.000,0.707;
0.293,0.000,0.707;
0.293,0.000,0.707;
0.293,0.000,0.707;
0.293,0.000,0.707;
0.293,0.000,0.707;
0.293,0.000,0.707;
0.293,0.000,0.707;
0.293,0.000,0.707;
0.293,0.000,0.707;
0.293,0.000,0.707;
0.293,0.000,0.707;
0.293,0.000,0.707;
0.293,0.000,0.707;
0.293,0.000,0.707;
0.293,0.000,0.707;
0.293,0.000,0.707;
0.293,0.000,0.707;
0.293,0.000,0.707;
0.293,0.000,0.707;
0.293,0.000,0.707;
0.293,0.000,0.707;
0.293,0.000,0.707;
0.293,0.000,0.707;
0.293,0.000,0.707;
0.293,0.000,0.707;
0.293,0.000,0.707;
0.293,0.000,0.707;
0.293,0.000,0.707;
0.293,0.000,0.707;
0.293,0.000,0.707;
0.293,0.000,0.707;
0.293,0.000,0.707;
0.293,0.000,0.707;
0.293,0.000,0.707;
0.293,0.000,0.707;
0.293,0.000,0.707;
0.293,0.000,0.707;
0.293,0.000,0.707;
0.293,0.000,0.707;
0.293,0.000,0.707;
0.293,0.000,0.707;
0.293,0.000,0.707;
0.293,0.000,0.707;
0.293,0.000,0.707;
0.293,0.000,0.707;
0.293,0.000,0.707;
0.293,0.000,0.707;
0.293,0.000,0.707;
0.293,0.000,0.707;
0.293,0.000,0.707;
0.293,0.000,0.707;
0.293,0.000,0.707;
0.293,0.000,0.707;
0.293,0.000,0.707;
0.293,0.000,0.707;
0.293,0.000,0.707;
0.293,0.000,0.707;
0.293,0.000,0.707;
0.293,0.000,0.707;
0.293,0.000,0.707;
0.293,0.000,0.707;
0.293,0.000,0.707;
0.293,0.000,0.707;
0.293,0.000,0.707;
0.293,0.000,0.707;
0.293,0.000,0.707;
0.293,0.000,0.707;
0.293,0.000,0.707;
0.293,0.000,0.707;
0.293,0.000,0.707;
0.293,0.000,0.707;
0.293,0.000,0.707;
0.293,0.000,0.707;
0.293,0.000,0.707;
0.293,0.000,0.707;
0.293,0.000,0.707;
0.293,0.000,0.707;
0.293,0.000,0.707;
0.293,0.000,0.707;
0.293,0.000,0.707;
0.293,0.000,0.707;
0.293,0.000,0.707;
0.293,0.000,0.707;
0.293,0.000,0.707;
0.293,0.000,0.707;
0.293,0.000,0.707;
0.293,0.000,0.707;
0.293,0.000,0.707;
0.293,0.000,0.707;
0.293,0.000,0.707;
0.293,0.000,0.707;
0.293,0.000,0.707;
