steps = 1000;
dt = 0.1;
replications = 10;
dynamics = [
0.792,0.208,0.000;
0.792,0.208,0.000;
0.792,0.208,0.000;
0.788,0.212,0.000;
0.783,0.217,0.000;
0.776,0.224,0.000;
0.773,0.227,0.000;
0.770,0.230,0.000;
0.765,0.235,0.000;
0.762,0.238,0.000;
0.757,0.243,0.000;
0.752,0.248,0.000;
0.746,0.254,0.000;
0.742,0.258,0.000;
0.738,0.262,0.000;
0.734,0.266,0.000;
0.730,0.270,0.000;
0.724,0.276,0.000;
0.719,0.281,0.000;
0.715,0.285,0.000;
0.709,0.291,0.000;
0.705,0.295,0.000;
0.699,0.301,0.000;
0.696,0.304,0.000;
0.693,0.307,0.000;
0.687,0.313,0.000;
0.684,0.316,0.000;
0.679,0.321,0.000;
0.672,0.328,0.000;
0.669,0.331,0.000;
0.662,0.338,0.000;
0.656,0.344,0.000;
0.652,0.348,0.000;
0.644,0.356,0.000;
0.636,0.364,0.000;
0.631,0.369,0.000;
0.626,0.374,0.000;
0.621,0.379,0.000;
0.618,0.382,0.000;
0.612,0.388,0.000;
0.606,0.394,0.000;
0.601,0.399,0.000;
0.597,0.403,0.000;
0.592,0.408,0.000;
0.584,0.416,0.000;
0.581,0.419,0.000;
0.575,0.425,0.000;
0.568,0.432,0.000;
0.565,0.435,0.000;
0.561,0.439,0.000;
0.555,0.445,0.000;
0.551,0.449,0.000;
0.542,0.458,0.000;
0.536,0.464,0.000;
0.532,0.468,0.000;
0.524,0.476,0.000;
0.520,0.480,0.000;
0.517,0.483,0.000;
0.512,0.488,0.000;
0.507,0.493,0.000;
0.501,0.499,0.000;
0.495,0.505,0.000;
0.489,0.511,0.000;
0.482,0.518,0.000;
0.474,0.526,0.000;
0.468,0.532,0.000;
0.464,0.536,0.000;
0.455,0.545,0.000;
0.450,0.550,0.000;
0.445,0.555,0.000;
0.440,0.560,0.000;
0.436,0.564,0.000;
0.433,0.359,0.208;
0.428,0.364,0.208;
0.425,0.363,0.212;
0.421,0.362,0.217;
0.419,0.358,0.224;
0.414,0.359,0.227;
0.411,0.359,0.230;
0.408,0.357,0.235;
0.406,0.356,0.238;
0.403,0.354,0.243;
0.400,0.351,0.248;
0.396,0.351,0.254;
0.393,0.349,0.258;
0.389,0.349,0.262;
0.388,0.346,0.266;
0.385,0.345,0.270;
0.381,0.343,0.276;
0.379,0.339,0.281;
0.377,0.338,0.285;
0.376,0.333,0.291;
0.373,0.333,0.295;
0.369,0.330,0.301;
0.366,0.330,0.304;
0.363,0.329,0.307;
0.360,0.327,0.313;
0.357,0.327,0.316;
0.355,0.324,0.321;
0.353,0.319,0.328;
0.350,0.319,0.331;
0.348,0.314,0.338;
0.346,0.310,0.344;
0.344,0.308,0.348;
0.342,0.302,0.356;
0.339,0.296,0.364;
0.338,0.293,0.369;
0.335,0.291,0.374;
0.332,0.289,0.379;
0.331,0.288,0.382;
0.329,0.283,0.388;
0.328,0.278,0.394;
0.326,0.275,0.399;
0.324,0.273,0.403;
0.321,0.271,0.408;
0.318,0.265,0.416;
0.318,0.263,0.419;
0.315,0.260,0.425;
0.314,0.254,0.432;
0.313,0.252,0.435;
0.310,0.250,0.439;
0.308,0.247,0.445;
0.306,0.245,0.449;
0.306,0.236,0.458;
0.305,0.231,0.464;
0.303,0.229,0.468;
0.303,0.221,0.476;
0.301,0.219,0.480;
0.299,0.218,0.483;
0.298,0.213,0.488;
0.298,0.209,0.493;
0.297,0.204,0.499;
0.295,0.200,0.505;
0.292,0.197,0.511;
0.290,0.192,0.518;
0.288,0.186,0.526;
0.286,0.181,0.532;
0.284,0.180,0.536;
0.284,0.171,0.545;
0.283,0.167,0.550;
0.282,0.163,0.555;
0.281,0.159,0.560;
0.280,0.157,0.564;
0.278,0.155,0.567;
0.276,0.152,0.572;
0.275,0.150,0.575;
0.275,0.147,0.579;
0.274,0.145,0.581;
0.273,0.141,0.586;
0.273,0.139,0.589;
0.271,0.137,0.592;
0.271,0.135,0.594;
0.270,0.134,0.597;
0.269,0.131,0.600;
0.267,0.128,0.604;
0.267,0.126,0.607;
0.265,0.125,0.611;
0.263,0.125,0.612;
0.262,0.123,0.615;
0.262,0.119,0.619;
0.262,0.117,0.621;
0.261,0.116,0.623;
0.260,0.116,0.624;
0.258,0.115,0.627;
0.258,0.111,0.631;
0.256,0.110,0.634;
0.256,0.108,0.637;
0.255,0.105,0.640;
0.255,0.103,0.643;
0.254,0.101,0.645;
0.253,0.100,0.647;
0.253,0.098,0.650;
0.252,0.096,0.652;
0.252,0.094,0.654;
0.252,0.092,0.656;
0.252,0.090,0.658;
0.251,0.088,0.661;
0.251,0.087,0.662;
0.250,0.085,0.665;
0.250,0.082,0.668;
0.250,0.081,0.669;
0.249,0.080,0.671;
0.249,0.079,0.672;
0.248,0.078,0.674;
0.248,0.076,0.676;
0.247,0.074,0.679;
0.246,0.072,0.682;
0.246,0.071,0.682;
0.246,0.070,0.685;
0.245,0.070,0.686;
0.245,0.068,0.687;
0.245,0.066,0.690;
0.244,0.064,0.692;
0.243,0.063,0.694;
0.243,0.062,0.694;
0.243,0.062,0.695;
0.243,0.061,0.697;
0.242,0.060,0.697;
0.241,0.060,0.699;
0.241,0.058,0.701;
0.241,0.058,0.702;
0.240,0.057,0.702;
0.240,0.057,0.703;
0.240,0.055,0.705;
0.239,0.053,0.708;
0.238,0.052,0.710;
0.238,0.050,0.712;
0.238,0.048,0.714;
0.238,0.046,0.716;
0.238,0.045,0.716;
0.238,0.045,0.717;
0.238,0.043,0.718;
0.238,0.043,0.719;
0.238,0.042,0.720;
0.238,0.040,0.722;
0.237,0.039,0.724;
0.237,0.038,0.725;
0.237,0.038,0.725;
0.236,0.037,0.726;
0.236,0.037,0.727;
0.236,0.037,0.727;
0.236,0.035,0.729;
0.236,0.035,0.729;
0.236,0.034,0.730;
0.236,0.033,0.731;
0.235,0.032,0.733;
0.235,0.032,0.733;
0.235,0.030,0.735;
0.234,0.030,0.737;
0.233,0.029,0.738;
0.232,0.030,0.738;
0.231,0.030,0.738;
0.231,0.029,0.739;
0.231,0.029,0.740;
0.230,0.028,0.742;
0.230,0.028,0.742;
0.230,0.027,0.744;
0.229,0.027,0.744;
0.229,0.026,0.745;
0.229,0.025,0.745;
0.229,0.025,0.746;
0.229,0.024,0.747;
0.229,0.024,0.747;
0.228,0.024,0.748;
0.228,0.024,0.748;
0.228,0.024,0.748;
0.228,0.024,0.748;
0.228,0.024,0.749;
0.228,0.023,0.749;
0.228,0.022,0.750;
0.228,0.022,0.750;
0.228,0.022,0.750;
0.228,0.022,0.751;
0.228,0.021,0.751;
0.227,0.021,0.752;
0.227,0.021,0.752;
0.227,0.020,0.753;
0.227,0.020,0.754;
0.227,0.020,0.754;
0.227,0.019,0.754;
0.227,0.018,0.755;
0.227,0.018,0.755;
0.226,0.018,0.755;
0.226,0.018,0.756;
0.226,0.018,0.757;
0.226,0.018,0.757;
0.225,0.018,0.757;
0.225,0.017,0.757;
0.225,0.017,0.758;
0.225,0.017,0.759;
0.225,0.017,0.759;
0.225,0.016,0.759;
0.225,0.016,0.760;
0.225,0.015,0.760;
0.225,0.015,0.760;
0.225,0.014,0.761;
0.225,0.014,0.762;
0.225,0.014,0.762;
0.225,0.014,0.762;
0.225,0.014,0.762;
0.225,0.014,0.762;
0.225,0.014,0.762;
0.225,0.014,0.762;
0.224,0.014,0.762;
0.224,0.014,0.762;
0.224,0.014,0.762;
0.224,0.013,0.763;
0.224,0.013,0.763;
0.224,0.013,0.763;
0.224,0.013,0.764;
0.224,0.013,0.764;
0.223,0.013,0.764;
0.223,0.013,0.764;
0.223,0.013,0.764;
0.223,0.012,0.764;
0.223,0.012,0.764;
0.223,0.012,0.765;
0.223,0.012,0.765;
0.223,0.011,0.765;
0.223,0.010,0.766;
0.223,0.009,0.767;
0.223,0.008,0.768;
0.223,0.008,0.769;
0.223,0.008,0.769;
0.223,0.008,0.769;
0.223,0.008,0.770;
0.223,0.007,0.770;
0.223,0.007,0.770;
0.223,0.007,0.771;
0.223,0.007,0.771;
0.222,0.007,0.771;
0.222,0.007,0.771;
0.222,0.007,0.771;
0.222,0.007,0.771;
0.222,0.006,0.772;
0.222,0.006,0.772;
0.222,0.005,0.772;
0.222,0.005,0.772;
0.222,0.006,0.772;
0.221,0.006,0.772;
0.221,0.006,0.772;
0.221,0.006,0.772;
0.221,0.006,0.772;
0.221,0.006,0.772;
0.221,0.006,0.772;
0.221,0.006,0.773;
0.221,0.005,0.773;
0.221,0.005,0.773;
0.221,0.005,0.773;
0.221,0.005,0.773;
0.221,0.005,0.773;
0.221,0.005,0.773;
0.221,0.005,0.773;
0.221,0.005,0.774;
0.221,0.004,0.774;
0.221,0.004,0.774;
0.221,0.004,0.774;
0.221,0.004,0.775;
0.221,0.004,0.775;
0.221,0.003,0.775;
0.221,0.003,0.775;
0.221,0.003,0.775;
0.221,0.003,0.775;
0.221,0.003,0.775;
0.221,0.003,0.775;
0.221,0.003,0.775;
0.221,0.003,0.775;
0.221,0.003,0.775;
0.221,0.003,0.775;
0.221,0.003,0.775;
0.221,0.003,0.775;
0.221,0.003,0.775;
0.221,0.003,0.775;
0.221,0.003,0.775;
0.221,0.003,0.776;
0.221,0.003,0.776;
0.221,0.003,0.776;
0.221,0.003,0.776;
0.221,0.002,0.776;
0.221,0.003,0.776;
0.221,0.003,0.776;
0.221,0.003,0.776;
0.221,0.002,0.777;
0.221,0.002,0.777;
0.221,0.002,0.777;
0.221,0.002,0.777;
0.221,0.002,0.777;
0.221,0.002,0.777;
0.221,0.002,0.777;
0.221,0.002,0.777;
0.221,0.002,0.777;
0.221,0.002,0.777;
0.221,0.002,0.777;
0.221,0.002,0.777;
0.221,0.002,0.777;
0.221,0.002,0.777;
0.221,0.002,0.777;
0.221,0.002,0.777;
0.221,0.002,0.777;
0.221,0.002,0.777;
0.221,0.002,0.777;
0.221,0.001,0.778;
0.221,0.001,0.778;
0.221,0.001,0.778;
0.221,0.001,0.778;
0.221,0.001,0.778;
0.221,0.001,0.778;
0.221,0.001,0.778;
0.221,0.001,0.778;
0.221,0.001,0.778;
0.221,0.000,0.779;
0.221,0.000,0.779;
0.221,0.000,0.779;
0.221,0.000,0.779;
0.221,0.000,0.779;
0.221,0.000,0.779;
0.221,0.000,0.779;
0.221,0.000,0.779;
0.221,0.000,0.779;
0.221,0.000,0.779;
0.221,0.000,0.779;
0.221,0.000,0.779;
0.221,0.000,0.779;
0.221,0.000,0.779;
0.221,0.000,0.779;
0.221,0.001,0.779;
0.221,0.001,0.779;
0.221,0.001,0.779;
0.221,0.001,0.779;
0.221,0.001,0.779;
0.221,0.001,0.779;
0.221,0.001,0.779;
0.221,0.001,0.779;
0.221,0.001,0.779;
0.221,0.001,0.779;
0.221,0.001,0.779;
0.221,0.001,0.779;
0.221,0.001,0.779;
