dynamics = [
99.0,1.0,0.0;
99.0,1.0,0.0;
99.0,1.0,0.0;
99.0,1.0,0.0;
98.0,2.0,0.0;
98.0,1.0,1.0;
98.0,1.0,1.0;
98.0,1.0,1.0;
98.0,1.0,1.0;
98.0,1.0,1.0;
98.0,1.0,1.0;
98.0,1.0,1.0;
98.0,1.0,1.0;
98.0,1.0,1.0;
98.0,1.0,1.0;
98.0,1.0,1.0;
98.0,1.0,1.0;
98.0,1.0,1.0;
98.0,1.0,1.0;
98.0,1.0,1.0;
98.0,1.0,1.0;
97.0,2.0,1.0;
97.0,2.0,1.0;
97.0,2.0,1.0;
97.0,2.0,1.0;
96.0,3.0,1.0;
96.0,3.0,1.0;
96.0,3.0,1.0;
96.0,3.0,1.0;
96.0,2.0,2.0;
96.0,2.0,2.0;
96.0,2.0,2.0;
96.0,2.0,2.0;
96.0,2.0,2.0;
96.0,2.0,2.0;
96.0,2.0,2.0;
96.0,2.0,2.0;
96.0,2.0,2.0;
96.0,2.0,2.0;
96.0,2.0,2.0;
96.0,2.0,2.0;
96.0,2.0,2.0;
96.0,2.0,2.0;
96.0,2.0,2.0;
96.0,2.0,2.0;
96.0,1.0,3.0;
96.0,1.0,3.0;
96.0,1.0,3.0;
96.0,1.0,3.0;
96.0,1.0,3.0;
96.0,1.0,3.0;
96.0,1.0,3.0;
96.0,1.0,3.0;
96.0,1.0,3.0;
96.0,1.0,3.0;
96.0,1.0,3.0;
96.0,1.0,3.0;
96.0,1.0,3.0;
96.0,1.0,3.0;
96.0,1.0,3.0;
96.0,1.0,3.0;
96.0,1.0,3.0;
96.0,1.0,3.0;
96.0,1.0,3.0;
96.0,1.0,3.0;
96.0,1.0,3.0;
96.0,1.0,3.0;
96.0,1.0,3.0;
96.0,1.0,3.0;
96.0,1.0,3.0;
96.0,1.0,3.0;
96.0,1.0,3.0;
96.0,1.0,3.0;
96.0,1.0,3.0;
95.0,2.0,3.0;
95.0,2.0,3.0;
95.0,2.0,3.0;
95.0,2.0,3.0;
95.0,2.0,3.0;
95.0,2.0,3.0;
95.0,2.0,3.0;
95.0,2.0,3.0;
95.0,2.0,3.0;
95.0,2.0,3.0;
95.0,2.0,3.0;
95.0,2.0,3.0;
95.0,2.0,3.0;
95.0,2.0,3.0;
95.0,2.0,3.0;
95.0,2.0,3.0;
95.0,2.0,3.0;
95.0,2.0,3.0;
95.0,2.0,3.0;
95.0,2.0,3.0;
95.0,2.0,3.0;
95.0,2.0,3.0;
95.0,2.0,3.0;
95.0,2.0,3.0;
95.0,2.0,3.0;
95.0,2.0,3.0;
95.0,2.0,3.0;
95.0,2.0,3.0;
95.0,2.0,3.0;
95.0,2.0,3.0;
95.0,2.0,3.0;
95.0,2.0,3.0;
95.0,2.0,3.0;
95.0,2.0,3.0;
95.0,2.0,3.0;
95.0,2.0,3.0;
95.0,2.0,3.0;
95.0,2.0,3.0;
95.0,2.0,3.0;
95.0,2.0,3.0;
95.0,2.0,3.0;
95.0,2.0,3.0;
95.0,2.0,3.0;
95.0,2.0,3.0;
95.0,2.0,3.0;
95.0,2.0,3.0;
95.0,2.0,3.0;
95.0,2.0,3.0;
95.0,2.0,3.0;
95.0,2.0,3.0;
95.0,2.0,3.0;
95.0,2.0,3.0;
95.0,2.0,3.0;
95.0,2.0,3.0;
95.0,2.0,3.0;
95.0,2.0,3.0;
95.0,2.0,3.0;
95.0,2.0,3.0;
95.0,2.0,3.0;
95.0,2.0,3.0;
95.0,2.0,3.0;
95.0,2.0,3.0;
95.0,2.0,3.0;
95.0,2.0,3.0;
95.0,2.0,3.0;
95.0,2.0,3.0;
95.0,2.0,3.0;
95.0,2.0,3.0;
95.0,2.0,3.0;
95.0,2.0,3.0;
95.0,2.0,3.0;
95.0,2.0,3.0;
95.0,2.0,3.0;
95.0,2.0,3.0;
95.0,2.0,3.0;
95.0,2.0,3.0;
95.0,2.0,3.0;
95.0,2.0,3.0;
95.0,2.0,3.0;
95.0,2.0,3.0;
95.0,2.0,3.0;
95.0,2.0,3.0;
95.0,2.0,3.0;
95.0,2.0,3.0;
95.0,2.0,3.0;
95.0,2.0,3.0;
95.0,2.0,3.0;
95.0,2.0,3.0;
95.0,2.0,3.0;
95.0,2.0,3.0;
95.0,2.0,3.0;
95.0,1.0,4.0;
95.0,1.0,4.0;
95.0,1.0,4.0;
95.0,1.0,4.0;
95.0,1.0,4.0;
95.0,1.0,4.0;
95.0,1.0,4.0;
95.0,1.0,4.0;
95.0,1.0,4.0;
95.0,1.0,4.0;
95.0,1.0,4.0;
95.0,1.0,4.0;
95.0,1.0,4.0;
95.0,1.0,4.0;
95.0,1.0,4.0;
95.0,1.0,4.0;
95.0,1.0,4.0;
95.0,1.0,4.0;
95.0,1.0,4.0;
95.0,1.0,4.0;
95.0,1.0,4.0;
95.0,1.0,4.0;
95.0,1.0,4.0;
95.0,1.0,4.0;
95.0,1.0,4.0;
95.0,1.0,4.0;
95.0,1.0,4.0;
95.0,1.0,4.0;
95.0,1.0,4.0;
95.0,1.0,4.0;
95.0,1.0,4.0;
95.0,1.0,4.0;
95.0,1.0,4.0;
95.0,1.0,4.0;
95.0,1.0,4.0;
95.0,1.0,4.0;
95.0,1.0,4.0;
95.0,1.0,4.0;
95.0,1.0,4.0;
95.0,1.0,4.0;
95.0,1.0,4.0;
95.0,1.0,4.0;
95.0,1.0,4.0;
95.0,1.0,4.0;
95.0,1.0,4.0;
95.0,1.0,4.0;
95.0,1.0,4.0;
95.0,1.0,4.0;
95.0,1.0,4.0;
95.0,1.0,4.0;
94.0,2.0,4.0;
94.0,2.0,4.0;
94.0,2.0,4.0;
94.0,2.0,4.0;
94.0,2.0,4.0;
94.0,2.0,4.0;
94.0,2.0,4.0;
94.0,2.0,4.0;
94.0,2.0,4.0;
94.0,2.0,4.0;
94.0,2.0,4.0;
94.0,2.0,4.0;
94.0,1.0,5.0;
94.0,1.0,5.0;
94.0,1.0,5.0;
94.0,1.0,5.0;
94.0,1.0,5.0;
94.0,1.0,5.0;
94.0,1.0,5.0;
94.0,1.0,5.0;
94.0,1.0,5.0;
94.0,1.0,5.0;
94.0,1.0,5.0;
94.0,1.0,5.0;
94.0,1.0,5.0;
94.0,1.0,5.0;
94.0,1.0,5.0;
94.0,1.0,5.0;
94.0,1.0,5.0;
94.0,1.0,5.0;
94.0,1.0,5.0;
94.0,1.0,5.0;
94.0,1.0,5.0;
94.0,1.0,5.0;
94.0,1.0,5.0;
94.0,1.0,5.0;
94.0,1.0,5.0;
94.0,1.0,5.0;
94.0,1.0,5.0;
94.0,1.0,5.0;
94.0,1.0,5.0;
94.0,1.0,5.0;
94.0,1.0,5.0;
94.0,1.0,5.0;
94.0,1.0,5.0;
94.0,1.0,5.0;
94.0,1.0,5.0;
94.0,1.0,5.0;
94.0,1.0,5.0;
94.0,1.0,5.0;
94.0,1.0,5.0;
94.0,1.0,5.0;
94.0,1.0,5.0;
94.0,1.0,5.0;
93.0,2.0,5.0;
93.0,2.0,5.0;
93.0,2.0,5.0;
93.0,2.0,5.0;
93.0,2.0,5.0;
93.0,2.0,5.0;
92.0,3.0,5.0;
91.0,4.0,5.0;
91.0,4.0,5.0;
91.0,4.0,5.0;
91.0,4.0,5.0;
91.0,4.0,5.0;
91.0,4.0,5.0;
91.0,4.0,5.0;
91.0,4.0,5.0;
91.0,4.0,5.0;
91.0,4.0,5.0;
91.0,4.0,5.0;
91.0,4.0,5.0;
91.0,4.0,5.0;
91.0,4.0,5.0;
91.0,4.0,5.0;
91.0,4.0,5.0;
91.0,4.0,5.0;
91.0,4.0,5.0;
91.0,4.0,5.0;
91.0,4.0,5.0;
91.0,4.0,5.0;
91.0,4.0,5.0;
91.0,4.0,5.0;
91.0,4.0,5.0;
91.0,4.0,5.0;
90.0,5.0,5.0;
90.0,5.0,5.0;
90.0,5.0,5.0;
90.0,5.0,5.0;
90.0,5.0,5.0;
90.0,5.0,5.0;
90.0,5.0,5.0;
90.0,5.0,5.0;
90.0,5.0,5.0;
90.0,5.0,5.0;
90.0,5.0,5.0;
90.0,5.0,5.0;
90.0,5.0,5.0;
90.0,5.0,5.0;
90.0,5.0,5.0;
90.0,5.0,5.0;
90.0,5.0,5.0;
90.0,5.0,5.0;
90.0,5.0,5.0;
90.0,5.0,5.0;
90.0,5.0,5.0;
90.0,5.0,5.0;
88.0,7.0,5.0;
88.0,7.0,5.0;
87.0,8.0,5.0;
87.0,7.0,6.0;
87.0,7.0,6.0;
87.0,7.0,6.0;
87.0,7.0,6.0;
87.0,7.0,6.0;
87.0,7.0,6.0;
87.0,7.0,6.0;
87.0,7.0,6.0;
87.0,7.0,6.0;
87.0,7.0,6.0;
87.0,7.0,6.0;
87.0,7.0,6.0;
87.0,7.0,6.0;
87.0,7.0,6.0;
87.0,7.0,6.0;
87.0,7.0,6.0;
87.0,7.0,6.0;
87.0,7.0,6.0;
86.0,8.0,6.0;
86.0,7.0,7.0;
86.0,7.0,7.0;
86.0,7.0,7.0;
86.0,7.0,7.0;
85.0,8.0,7.0;
85.0,8.0,7.0;
85.0,8.0,7.0;
85.0,8.0,7.0;
84.0,9.0,7.0;
83.0,9.0,8.0;
83.0,9.0,8.0;
83.0,9.0,8.0;
83.0,9.0,8.0;
83.0,9.0,8.0;
83.0,9.0,8.0;
83.0,9.0,8.0;
83.0,9.0,8.0;
83.0,9.0,8.0;
83.0,9.0,8.0;
83.0,9.0,8.0;
82.0,10.0,8.0;
82.0,10.0,8.0;
82.0,10.0,8.0;
82.0,10.0,8.0;
82.0,10.0,8.0;
82.0,10.0,8.0;
82.0,10.0,8.0;
80.0,12.0,8.0;
80.0,12.0,8.0;
80.0,12.0,8.0;
80.0,12.0,8.0;
80.0,12.0,8.0;
80.0,12.0,8.0;
80.0,12.0,8.0;
80.0,12.0,8.0;
80.0,12.0,8.0;
80.0,12.0,8.0;
80.0,12.0,8.0;
80.0,12.0,8.0;
79.0,13.0,8.0;
79.0,13.0,8.0;
77.0,15.0,8.0;
77.0,15.0,8.0;
77.0,15.0,8.0;
76.0,16.0,8.0;
76.0,15.0,9.0;
76.0,15.0,9.0;
76.0,15.0,9.0;
75.0,16.0,9.0;
75.0,15.0,10.0;
75.0,15.0,10.0;
74.0,16.0,10.0;
73.0,17.0,10.0;
73.0,15.0,12.0;
73.0,15.0,12.0;
73.0,15.0,12.0;
73.0,14.0,13.0;
73.0,14.0,13.0;
73.0,14.0,13.0;
72.0,15.0,13.0;
72.0,15.0,13.0;
72.0,15.0,13.0;
72.0,15.0,13.0;
72.0,15.0,13.0;
72.0,15.0,13.0;
72.0,14.0,14.0;
72.0,14.0,14.0;
72.0,14.0,14.0;
72.0,14.0,14.0;
72.0,14.0,14.0;
72.0,14.0,14.0;
71.0,15.0,14.0;
71.0,15.0,14.0;
70.0,16.0,14.0;
70.0,16.0,14.0;
70.0,16.0,14.0;
69.0,17.0,14.0;
69.0,17.0,14.0;
68.0,18.0,14.0;
68.0,18.0,14.0;
68.0,18.0,14.0;
67.0,19.0,14.0;
67.0,19.0,14.0;
66.0,20.0,14.0;
65.0,21.0,14.0;
64.0,21.0,15.0;
64.0,21.0,15.0;
64.0,21.0,15.0;
64.0,21.0,15.0;
63.0,22.0,15.0;
62.0,23.0,15.0;
61.0,24.0,15.0;
61.0,24.0,15.0;
61.0,24.0,15.0;
61.0,24.0,15.0;
61.0,24.0,15.0;
61.0,24.0,15.0;
61.0,24.0,15.0;
61.0,24.0,15.0;
61.0,24.0,15.0;
61.0,24.0,15.0;
60.0,25.0,15.0;
59.0,26.0,15.0;
59.0,26.0,15.0;
59.0,26.0,15.0;
59.0,25.0,16.0;
57.0,25.0,18.0;
57.0,25.0,18.0;
56.0,25.0,19.0;
55.0,26.0,19.0;
55.0,25.0,20.0;
54.0,26.0,20.0;
54.0,25.0,21.0;
53.0,26.0,21.0;
53.0,26.0,21.0;
53.0,26.0,21.0;
53.0,26.0,21.0;
53.0,26.0,21.0;
53.0,25.0,22.0;
52.0,26.0,22.0;
52.0,25.0,23.0;
50.0,27.0,23.0;
50.0,27.0,23.0;
50.0,27.0,23.0;
50.0,27.0,23.0;
50.0,27.0,23.0;
50.0,27.0,23.0;
50.0,27.0,23.0;
50.0,27.0,23.0;
50.0,27.0,23.0;
50.0,27.0,23.0;
49.0,28.0,23.0;
49.0,28.0,23.0;
48.0,29.0,23.0;
47.0,30.0,23.0;
46.0,30.0,24.0;
46.0,30.0,24.0;
46.0,29.0,25.0;
45.0,30.0,25.0;
45.0,30.0,25.0;
45.0,30.0,25.0;
45.0,30.0,25.0;
45.0,30.0,25.0;
45.0,30.0,25.0;
45.0,30.0,25.0;
45.0,30.0,25.0;
45.0,30.0,25.0;
44.0,31.0,25.0;
44.0,31.0,25.0;
44.0,31.0,25.0;
44.0,31.0,25.0;
44.0,31.0,25.0;
44.0,31.0,25.0;
44.0,31.0,25.0;
44.0,31.0,25.0;
43.0,31.0,26.0;
43.0,31.0,26.0;
43.0,31.0,26.0;
43.0,31.0,26.0;
43.0,31.0,26.0;
42.0,32.0,26.0;
41.0,33.0,26.0;
41.0,33.0,26.0;
40.0,34.0,26.0;
39.0,35.0,26.0;
39.0,35.0,26.0;
38.0,36.0,26.0;
38.0,36.0,26.0;
37.0,37.0,26.0;
37.0,37.0,26.0;
37.0,36.0,27.0;
37.0,34.0,29.0;
37.0,34.0,29.0;
37.0,34.0,29.0;
37.0,34.0,29.0;
36.0,33.0,31.0;
36.0,32.0,32.0;
36.0,32.0,32.0;
36.0,32.0,32.0;
36.0,32.0,32.0;
36.0,32.0,32.0;
36.0,32.0,32.0;
36.0,32.0,32.0;
35.0,32.0,33.0;
35.0,32.0,33.0;
35.0,32.0,33.0;
35.0,32.0,33.0;
35.0,31.0,34.0;
35.0,31.0,34.0;
34.0,32.0,34.0;
34.0,32.0,34.0;
34.0,31.0,35.0;
33.0,32.0,35.0;
33.0,32.0,35.0;
33.0,32.0,35.0;
33.0,31.0,36.0;
32.0,32.0,36.0;
32.0,32.0,36.0;
32.0,31.0,37.0;
31.0,32.0,37.0;
30.0,33.0,37.0;
