dynamics = [
NaN,NaN,NaN;
0.8765432098765432,0.5739858906525573,0.5739858906525573;
0.8148148148148148,0.5786792083088379,4.693317656280657e-3;
0.7901234567901234,0.5988634136782285,2.0184205369390525e-2;
0.7654320987654321,0.6200421320791691,2.1178718400940686e-2;
0.7037037037037037,0.6552812071330588,3.5239075053889714e-2;
0.6049382716049383,0.6949539486576524,3.967274152459353e-2;
0.5925925925925926,0.7306976288457767,3.574368018812433e-2;
0.5308641975308642,0.7549529688418577,2.425533999608094e-2;
0.4444444444444444,0.7903733098177544,3.542034097589681e-2;
0.5185185185185185,0.7666764648246128,-2.369684499314164e-2;
0.5061728395061729,0.7582353517538701,-8.441113070742676e-3;
0.5555555555555556,0.720110719184793,-3.812463256907724e-2;
0.5308641975308642,0.728532235939643,8.421516754850086e-3;
0.6296296296296297,0.7060895551636291,-2.244268077601385e-2;
0.5432098765432098,0.7236135606505976,1.7524005486968447e-2;
0.6666666666666666,0.6846364883401921,-3.897707231040557e-2;
0.6296296296296297,0.69356750930825,8.93102096805787e-3;
0.5802469135802469,0.6984224965706447,4.8549872623948115e-3;
0.5925925925925926,0.7149029982363314,1.648050166568668e-2;
0.5555555555555556,0.7421957671957673,2.7292768959435842e-2;
0.5308641975308642,0.7695081324710953,2.731236527532808e-2;
0.49382716049382713,0.7898001175778954,2.029198510680008e-2;
0.49382716049382713,0.7900058788947677,2.0576131687232856e-4;
0.43209876543209874,0.7951450127376053,5.139133842837501e-3;
0.4444444444444444,0.7850431118949637,-1.0101900842641603e-2;
0.4444444444444444,0.7829169116206152,-2.126200274348448e-3;
0.4074074074074074,0.7926758769351359,9.758965314520704e-3;
0.4444444444444444,0.7945571232608268,1.881246325690939e-3;
0.48148148148148145,0.7629972565157749,-3.1559866745051984e-2;
0.5308641975308642,0.7364687438761509,-2.6528512639623948e-2;
0.6790123456790124,0.6930922986478542,-4.337644522829676e-2;
0.691358024691358,0.6749804036841072,-1.811189496374703e-2;
0.7160493827160493,0.6741671565745639,-8.132471095431507e-4;
0.7901234567901234,0.649652165392906,-2.451499118165796e-2;
0.8148148148148148,0.6231824417009602,-2.6469723691945824e-2;
0.8148148148148148,0.6282088967274152,5.026455026455041e-3;
0.7283950617283951,0.6429355281207131,1.4726631393297888e-2;
0.654320987654321,0.6615471291397218,1.861160101900865e-2;
0.6790123456790124,0.6469772682735644,-1.456986086615734e-2;
0.7037037037037037,0.6585488928081522,1.1571624534587797e-2;
0.7160493827160493,0.6882765040172448,2.9727611209092564e-2;
0.7283950617283951,0.6671320791691159,-2.114442484812885e-2;
0.7283950617283951,0.6583676268861453,-8.76445228297072e-3;
0.7777777777777778,0.6356848912404468,-2.2682735645698365e-2;
0.7777777777777778,0.6280521262002743,-7.632765040172607e-3;
0.7407407407407407,0.6339408191260041,5.888692925729799e-3;
0.8024691358024691,0.6210464432686653,-1.289437585733873e-2;
0.7530864197530864,0.6571624534587498,3.611601019008451e-2;
0.7530864197530864,0.6770037233000196,1.9841269841269715e-2;
0.7283950617283951,0.6724965706447189,-4.5071526553005685e-3;
0.7654320987654321,0.6711591220850479,-1.3374485596710567e-3;
0.7901234567901234,0.6435528120713307,-2.7606310013717196e-2;
0.8024691358024691,0.6340877914951988,-9.465020576131938e-3;
0.8518518518518519,0.6289535567313345,-5.134234763864332e-3;
0.8148148148148148,0.621766607877719,-7.186948853615501e-3;
0.7283950617283951,0.6581275720164609,3.636096413874193e-2;
0.6790123456790124,0.6914609053497942,3.333333333333337e-2;
0.691358024691358,0.6626053301979226,-2.885557515187164e-2;
0.7283950617283951,0.6561532431902803,-6.452087007642272e-3;
0.7530864197530864,0.6205663335292966,-3.558690966098378e-2;
0.7777777777777778,0.6326670585929844,1.2100725063687907e-2;
0.7037037037037037,0.6714971585341956,3.88300999412111e-2;
0.654320987654321,0.6896433470507544,1.8146188516558866e-2;
0.6419753086419753,0.7025524201450125,1.2909073094258152e-2;
0.654320987654321,0.6832892416225749,-1.9263178522437734e-2;
0.5802469135802469,0.7013619439545365,1.8072702331961676e-2;
0.4567901234567901,0.741358024691358,3.999608073682158e-2;
0.48148148148148145,0.7250587889476778,-1.6299235743680203e-2;
0.49382716049382713,0.7308152067411327,5.75641779345475e-3;
0.5185185185185185,0.7555065647658241,2.4691358024691447e-2;
0.49382716049382713,0.7612923770331174,5.785812267293328e-3;
0.4691358024691358,0.7674309229864784,6.138545953361004e-3;
0.4567901234567901,0.7951156182637664,2.7684695277287997e-2;
0.3950617283950617,0.8059229864785421,1.0807368214775726e-2;
0.38271604938271603,0.8025867136978249,-3.3362727807172738e-3;
0.345679012345679,0.824510092102685,2.1923378404860167e-2;
0.35802469135802467,0.8334950029394473,8.984910836762295e-3;
0.345679012345679,0.8111894963746813,-2.230550656476598e-2;
0.25925925925925924,0.8430482069370955,3.185871056241418e-2;
0.20987654320987653,0.8649029982363314,2.1854791299235968e-2;
0.14814814814814814,0.8970605526161082,3.215755437977673e-2;
0.14814814814814814,0.89537037037037,-1.6901822457381188e-3;
9.876543209876543e-2,0.9146727415245932,1.9302371154223178e-2;
9.876543209876543e-2,0.9183764452282968,3.703703703703493e-3;
0.12345679012345678,0.9089065255731924,-9.469919655104407e-3;
0.1111111111111111,0.9163972173231432,7.49069174995078e-3;
0.13580246913580246,0.9175485008818342,1.1512835586910551e-3;
0.14814814814814814,0.9069713893787965,-1.0577111503037726e-2;
9.876543209876543e-2,0.9325788751714676,2.5607485792671157e-2;
0.1111111111111111,0.9409514011365865,8.372525965118829e-3;
9.876543209876543e-2,0.9479227905153829,6.971389378796394e-3;
6.172839506172839e-2,0.9486429551244365,7.201646090537201e-4;
6.172839506172839e-2,0.9500685871056239,1.425631981187318e-3;
6.172839506172839e-2,0.9420438957475995,-8.024691358024411e-3;
6.172839506172839e-2,0.9410738781109149,-9.700176366845741e-4;
6.172839506172839e-2,0.9427542621987068,1.6803840877919552e-3;
7.407407407407407e-2,0.932716049382716,-1.0038212815990837e-2;
8.641975308641975e-2,0.9384479717813052,5.7319223985891656e-3;
9.876543209876543e-2,0.9289486576523612,-9.49931412894395e-3;
0.18518518518518517,0.8965216539290614,-3.242700372329991e-2;
0.14814814814814814,0.8981922398589064,1.67058592984509e-3;
0.19753086419753085,0.8971683323535175,-1.0239075053889996e-3;
0.14814814814814814,0.9079267097785616,1.0758377425044208e-2;
0.13580246913580246,0.9091073878110913,1.1806780325297212e-3;
0.13580246913580246,0.8974279835390945,-1.167940427199691e-2;
0.14814814814814814,0.9138545953360767,1.642661179698226e-2;
0.16049382716049382,0.9018763472467173,-1.197824808935946e-2;
0.2222222222222222,0.8868116794042719,-1.5064667842445353e-2;
0.2345679012345679,0.8666127767979619,-2.0198902606309948e-2;
0.24691358024691357,0.8709729570840676,4.360180286105747e-3;
0.2716049382716049,0.8655496766607875,-5.423280423280103e-3;
0.24691358024691357,0.8624436605918084,-3.1060160689790977e-3;
0.30864197530864196,0.8465951401136583,-1.5848520478150187e-2;
0.32098765432098764,0.8373407799333724,-9.254360180285826e-3;
0.2839506172839506,0.8343180482069368,-3.022731726435655e-3;
0.30864197530864196,0.8411130707427001,6.7950225357633455e-3;
0.25925925925925924,0.8573486184597295,1.6235547717029435e-2;
0.20987654320987653,0.8689006466784245,1.1552028218694855e-2;
0.1728395061728395,0.8807711150303742,1.187046835194973e-2;
0.13580246913580246,0.9115765236135606,3.080540858318634e-2;
8.641975308641975e-2,0.9236331569664902,1.2056633352929644e-2;
0.13580246913580246,0.926474622770919,2.841465804428823e-3;
0.16049382716049382,0.9309621791103271,4.487556339408154e-3;
0.13580246913580246,0.9259651185577111,-4.997060552616024e-3;
0.1728395061728395,0.920458553791887,-5.506564765824071e-3;
0.14814814814814814,0.9247452478933961,4.2866941015089945e-3;
0.1111111111111111,0.9310013717421125,6.256123848716457e-3;
0.12345679012345678,0.9190231236527531,-1.197824808935946e-2;
0.20987654320987653,0.8910689790319418,-2.7954144620811177e-2;
0.2345679012345679,0.8737997256515773,-1.72692533803646e-2;
