dynamics = [
NaN,NaN,NaN;
0.8641975308641975,0.5755291005291004,0.5755291005291004;
0.7901234567901234,0.5888007054673723,1.3271604938271904e-2;
0.7160493827160493,0.6499951009210269,6.119439545365459e-2;
0.7160493827160493,0.6602880658436214,1.029296492259451e-2;
0.7530864197530864,0.6637517146776406,3.463648834019154e-3;
0.7407407407407407,0.653012933568489,-1.073878110915153e-2;
0.7160493827160493,0.648848716441309,-4.16421712718002e-3;
0.654320987654321,0.7017734665882811,5.292475014697205e-2;
0.5925925925925926,0.7288506760728982,2.7077209484617174e-2;
0.5679012345679012,0.7381589261218887,9.308250048990515e-3;
0.5802469135802469,0.7384920634920634,3.331373701746473e-4;
0.5679012345679012,0.7307613168724276,-7.7307466196357335e-3;
0.5308641975308642,0.7399078973153047,9.146580442877063e-3;
0.48148148148148145,0.754997060552616,1.5089163237311201e-2;
0.41975308641975306,0.770434058397021,1.5436997844405005e-2;
0.3950617283950617,0.7720409563002154,1.6068979031945009e-3;
0.37037037037037035,0.7953213795806386,2.3280423280423197e-2;
0.38271604938271603,0.7981579463060944,2.8365667254557415e-3;
0.345679012345679,0.801229668822261,3.0717225161666483e-3;
0.32098765432098764,0.8293160885753477,2.8086419753086664e-2;
0.2222222222222222,0.8544385655496766,2.512247697432887e-2;
0.2345679012345679,0.8773221634332746,2.2883597883598047e-2;
0.30864197530864196,0.8435430139133842,-3.377914951989047e-2;
0.3333333333333333,0.8464040760337053,2.86106212032115e-3;
0.2716049382716049,0.8435283166764647,-2.8757593572405708e-3;
0.18518518518518517,0.8850480109739367,4.151969429747193e-2;
0.13580246913580246,0.9005633940819125,1.5515383107975893e-2;
0.14814814814814814,0.9131393298059964,1.2575935724083855e-2;
0.12345679012345678,0.9299186752890455,1.6779345483049057e-2;
8.641975308641975e-2,0.9325886733294141,2.669998040368681e-3;
7.407407407407407e-2,0.9337056633352929,1.1169900058787812e-3;
7.407407407407407e-2,0.9390309621791105,5.3252988438175905e-3;
6.172839506172839e-2,0.9477513227513227,8.720360572212196e-3;
3.7037037037037035e-2,0.9536596119929455,5.908289241622741e-3;
4.938271604938271e-2,0.9556437389770723,1.984126984126884e-3;
3.7037037037037035e-2,0.9672986478542033,1.1654908877130976e-2;
3.7037037037037035e-2,0.9692337840485988,1.93513619439554e-3;
4.938271604938271e-2,0.9704830491867528,1.2492651381539185e-3;
4.938271604938271e-2,0.9682784636488341,-2.204585537918721e-3;
3.7037037037037035e-2,0.9641632373113853,-4.115226337448676e-3;
3.7037037037037035e-2,0.9611258083480309,-3.0374289633545493e-3;
4.938271604938271e-2,0.9570350774054476,-4.090730942583268e-3;
4.938271604938271e-2,0.9570350774054479,3.50885301609926e-16;
4.938271604938271e-2,0.9570350774054476,-3.50885301609926e-16;
4.938271604938271e-2,0.957260435038213,2.2535763276544508e-4;
6.172839506172839e-2,0.9568930041152263,-3.6743092298674587e-4;
4.938271604938271e-2,0.9572604350382128,3.6743092298657044e-4;
4.938271604938271e-2,0.9599059376837156,2.645502645502746e-3;
4.938271604938271e-2,0.9617136978248089,1.807760141093309e-3;
6.172839506172839e-2,0.9610523221634332,-6.613756613756865e-4;
7.407407407407407e-2,0.9599255339996081,-1.12678816382512e-3;
4.938271604938271e-2,0.963163825200862,3.238291201253884e-3;
2.4691358024691357e-2,0.9655202821869486,2.3564569860867117e-3;
2.4691358024691357e-2,0.9655202821869485,-1.75442650804963e-16;
2.4691358024691357e-2,0.9655202821869486,1.75442650804963e-16;
3.7037037037037035e-2,0.9694150499706053,3.8947677836566642e-3;
3.7037037037037035e-2,0.970296884185773,8.818342151676988e-4;
3.7037037037037035e-2,0.970296884185773,0.0;
3.7037037037037035e-2,0.970296884185773,0.0;
3.7037037037037035e-2,0.970296884185773,0.0;
3.7037037037037035e-2,0.9725259651185577,2.229080932784656e-3;
3.7037037037037035e-2,0.9690721144424849,-3.4538506760728145e-3;
4.938271604938271e-2,0.9681363903586125,-9.357240838722999e-4;
3.7037037037037035e-2,0.9661228689006468,-2.013521457965725e-3;
6.172839506172839e-2,0.965779933372526,-3.4293552812081075e-4;
3.7037037037037035e-2,0.967004703115814,1.2247697432879834e-3;
4.938271604938271e-2,0.9618116794042717,-5.193023711542277e-3;
4.938271604938271e-2,0.9618116794042717,0.0;
7.407407407407407e-2,0.9618606701940036,4.899078973187022e-5;
6.172839506172839e-2,0.9650205761316873,3.1599059376836987e-3;
4.938271604938271e-2,0.9625955320399764,-2.4250440917109087e-3;
3.7037037037037035e-2,0.965559474818734,2.9639427787576215e-3;
3.7037037037037035e-2,0.962105624142661,-3.45385067607299e-3;
4.938271604938271e-2,0.9716343327454439,9.528708602782791e-3;
1.2345679012345678e-2,0.972957084068195,1.3227513227511973e-3;
1.2345679012345678e-2,0.9747207524985302,1.7636684303352222e-3;
2.4691358024691357e-2,0.9732510288065843,-1.469723691945931e-3;
2.4691358024691357e-2,0.9732510288065843,0.0;
2.4691358024691357e-2,0.9732510288065843,0.0;
2.4691358024691357e-2,0.9732510288065843,0.0;
2.4691358024691357e-2,0.9732510288065843,0.0;
2.4691358024691357e-2,0.9732510288065843,0.0;
2.4691358024691357e-2,0.971487360376249,-1.7636684303352222e-3;
2.4691358024691357e-2,0.9691358024691358,-2.351557907113279e-3;
2.4691358024691357e-2,0.9691358024691357,-1.75442650804963e-16;
2.4691358024691357e-2,0.9659024103468549,-3.233392122280802e-3;
2.4691358024691357e-2,0.9682539682539679,2.3515579071131036e-3;
1.2345679012345678e-2,0.972957084068195,4.703115814227084e-3;
1.2345679012345678e-2,0.972957084068195,0.0;
1.2345679012345678e-2,0.9747207524985302,1.7636684303352222e-3;
1.2345679012345678e-2,0.972957084068195,-1.7636684303352222e-3;
1.2345679012345678e-2,0.972957084068195,0.0;
1.2345679012345678e-2,0.972957084068195,0.0;
1.2345679012345678e-2,0.972957084068195,0.0;
1.2345679012345678e-2,0.972957084068195,0.0;
1.2345679012345678e-2,0.9747207524985301,1.7636684303350468e-3;
1.2345679012345678e-2,0.972957084068195,-1.7636684303350468e-3;
1.2345679012345678e-2,0.97119341563786,-1.7636684303350468e-3;
2.4691358024691357e-2,0.9722957084068194,1.102292768959536e-3;
1.2345679012345678e-2,0.9735449735449736,1.249265138154094e-3;
1.2345679012345678e-2,0.9735449735449736,0.0;
1.2345679012345678e-2,0.9735449735449736,0.0;
1.2345679012345678e-2,0.9735449735449736,0.0;
2.4691358024691357e-2,0.9776601998824221,4.115226337448501e-3;
2.4691358024691357e-2,0.9776601998824221,0.0;
3.7037037037037035e-2,0.9748677248677248,-2.7924750146973037e-3;
3.7037037037037035e-2,0.9662943366647068,-8.573388203017989e-3;
3.7037037037037035e-2,0.964824612972761,-1.4697236919457555e-3;
3.7037037037037035e-2,0.9671026846952773,2.2780717225161754e-3;
3.7037037037037035e-2,0.9650450715265528,-2.057613168724338e-3;
2.4691358024691357e-2,0.9629139721732315,-2.131099353321442e-3;
2.4691358024691357e-2,0.9629139721732313,-1.75442650804963e-16;
3.7037037037037035e-2,0.9628404859886341,-7.348618459710356e-5;
3.7037037037037035e-2,0.9646041544189691,1.7636684303348714e-3;
3.7037037037037035e-2,0.9646041544189692,1.75442650804963e-16;
3.7037037037037035e-2,0.9646041544189691,-1.75442650804963e-16;
3.7037037037037035e-2,0.9675191064079953,2.9149519890262774e-3;
2.4691358024691357e-2,0.9718841857730744,4.36507936507918e-3;
2.4691358024691357e-2,0.9663727219282775,-5.5114638447969775e-3;
2.4691358024691357e-2,0.9663727219282774,-1.75442650804963e-16;
2.4691358024691357e-2,0.9663727219282775,1.75442650804963e-16;
3.7037037037037035e-2,0.966710758377425,3.3803644914755357e-4;
4.938271604938271e-2,0.968180482069371,1.469723691945931e-3;
2.4691358024691357e-2,0.9676954732510286,-4.8500881834246247e-4;
2.4691358024691357e-2,0.96549088771311,-2.2045855379185454e-3;
2.4691358024691357e-2,0.9659318048206935,4.4091710758349857e-4;
3.7037037037037035e-2,0.9666666666666668,7.348618459733163e-4;
3.7037037037037035e-2,0.9700176366843033,3.350970017636519e-3;
3.7037037037037035e-2,0.9678130511463844,-2.2045855379188963e-3;
3.7037037037037035e-2,0.9654614932392711,-2.351557907113279e-3;
3.7037037037037035e-2,0.9634038800705468,-2.057613168724338e-3;
3.7037037037037035e-2,0.9576033705663335,-5.800509504213363e-3;
