dynamics = [
999.0,1.0,0.0;
999.0,1.0,0.0;
999.0,1.0,0.0;
999.0,1.0,0.0;
999.0,1.0,0.0;
999.0,1.0,0.0;
999.0,1.0,0.0;
999.0,1.0,0.0;
999.0,1.0,0.0;
999.0,1.0,0.0;
999.0,1.0,0.0;
999.0,1.0,0.0;
999.0,1.0,0.0;
999.0,1.0,0.0;
999.0,1.0,0.0;
999.0,1.0,0.0;
999.0,1.0,0.0;
999.0,1.0,0.0;
999.0,1.0,0.0;
999.0,1.0,0.0;
999.0,1.0,0.0;
999.0,1.0,0.0;
999.0,1.0,0.0;
999.0,1.0,0.0;
999.0,1.0,0.0;
999.0,1.0,0.0;
999.0,1.0,0.0;
999.0,1.0,0.0;
999.0,1.0,0.0;
999.0,1.0,0.0;
999.0,1.0,0.0;
999.0,1.0,0.0;
999.0,1.0,0.0;
999.0,1.0,0.0;
999.0,1.0,0.0;
999.0,1.0,0.0;
999.0,1.0,0.0;
999.0,1.0,0.0;
999.0,1.0,0.0;
999.0,1.0,0.0;
999.0,1.0,0.0;
999.0,1.0,0.0;
999.0,1.0,0.0;
999.0,1.0,0.0;
999.0,1.0,0.0;
999.0,1.0,0.0;
999.0,1.0,0.0;
999.0,1.0,0.0;
999.0,1.0,0.0;
999.0,1.0,0.0;
999.0,1.0,0.0;
999.0,1.0,0.0;
998.0,2.0,0.0;
998.0,2.0,0.0;
998.0,2.0,0.0;
998.0,2.0,0.0;
998.0,2.0,0.0;
998.0,2.0,0.0;
998.0,2.0,0.0;
998.0,2.0,0.0;
998.0,2.0,0.0;
998.0,2.0,0.0;
998.0,2.0,0.0;
998.0,2.0,0.0;
998.0,2.0,0.0;
998.0,2.0,0.0;
998.0,2.0,0.0;
998.0,2.0,0.0;
998.0,2.0,0.0;
998.0,2.0,0.0;
998.0,2.0,0.0;
998.0,2.0,0.0;
998.0,2.0,0.0;
998.0,2.0,0.0;
998.0,2.0,0.0;
998.0,2.0,0.0;
998.0,2.0,0.0;
998.0,2.0,0.0;
998.0,2.0,0.0;
998.0,2.0,0.0;
998.0,2.0,0.0;
998.0,2.0,0.0;
998.0,2.0,0.0;
998.0,2.0,0.0;
998.0,2.0,0.0;
998.0,2.0,0.0;
998.0,2.0,0.0;
998.0,2.0,0.0;
998.0,2.0,0.0;
995.0,5.0,0.0;
995.0,5.0,0.0;
995.0,5.0,0.0;
995.0,5.0,0.0;
995.0,5.0,0.0;
995.0,5.0,0.0;
995.0,5.0,0.0;
995.0,5.0,0.0;
995.0,5.0,0.0;
995.0,5.0,0.0;
995.0,5.0,0.0;
995.0,5.0,0.0;
995.0,5.0,0.0;
994.0,6.0,0.0;
994.0,6.0,0.0;
994.0,6.0,0.0;
994.0,6.0,0.0;
993.0,7.0,0.0;
993.0,7.0,0.0;
993.0,7.0,0.0;
993.0,7.0,0.0;
993.0,7.0,0.0;
993.0,7.0,0.0;
993.0,7.0,0.0;
992.0,7.0,1.0;
992.0,6.0,2.0;
992.0,6.0,2.0;
992.0,6.0,2.0;
992.0,6.0,2.0;
992.0,6.0,2.0;
992.0,6.0,2.0;
992.0,6.0,2.0;
992.0,6.0,2.0;
992.0,6.0,2.0;
992.0,6.0,2.0;
992.0,5.0,3.0;
991.0,6.0,3.0;
991.0,6.0,3.0;
991.0,6.0,3.0;
991.0,6.0,3.0;
991.0,6.0,3.0;
991.0,6.0,3.0;
991.0,6.0,3.0;
991.0,6.0,3.0;
991.0,6.0,3.0;
991.0,6.0,3.0;
991.0,6.0,3.0;
991.0,6.0,3.0;
991.0,6.0,3.0;
991.0,6.0,3.0;
991.0,6.0,3.0;
991.0,6.0,3.0;
991.0,6.0,3.0;
991.0,6.0,3.0;
991.0,6.0,3.0;
991.0,6.0,3.0;
991.0,6.0,3.0;
991.0,6.0,3.0;
991.0,6.0,3.0;
991.0,6.0,3.0;
991.0,6.0,3.0;
991.0,6.0,3.0;
991.0,6.0,3.0;
991.0,6.0,3.0;
991.0,5.0,4.0;
991.0,5.0,4.0;
991.0,5.0,4.0;
991.0,5.0,4.0;
991.0,5.0,4.0;
991.0,5.0,4.0;
991.0,5.0,4.0;
991.0,4.0,5.0;
991.0,4.0,5.0;
991.0,4.0,5.0;
991.0,4.0,5.0;
990.0,5.0,5.0;
990.0,5.0,5.0;
990.0,5.0,5.0;
989.0,6.0,5.0;
989.0,5.0,6.0;
989.0,5.0,6.0;
989.0,5.0,6.0;
989.0,5.0,6.0;
989.0,5.0,6.0;
989.0,5.0,6.0;
989.0,4.0,7.0;
989.0,4.0,7.0;
989.0,4.0,7.0;
989.0,4.0,7.0;
989.0,4.0,7.0;
989.0,4.0,7.0;
989.0,3.0,8.0;
989.0,3.0,8.0;
989.0,3.0,8.0;
989.0,3.0,8.0;
989.0,3.0,8.0;
989.0,3.0,8.0;
989.0,3.0,8.0;
989.0,3.0,8.0;
989.0,3.0,8.0;
989.0,3.0,8.0;
989.0,3.0,8.0;
989.0,3.0,8.0;
989.0,3.0,8.0;
989.0,3.0,8.0;
989.0,3.0,8.0;
989.0,3.0,8.0;
989.0,3.0,8.0;
989.0,3.0,8.0;
989.0,3.0,8.0;
989.0,3.0,8.0;
989.0,3.0,8.0;
989.0,3.0,8.0;
989.0,3.0,8.0;
989.0,3.0,8.0;
989.0,3.0,8.0;
989.0,3.0,8.0;
989.0,3.0,8.0;
989.0,3.0,8.0;
989.0,3.0,8.0;
989.0,3.0,8.0;
989.0,3.0,8.0;
989.0,3.0,8.0;
989.0,3.0,8.0;
989.0,3.0,8.0;
989.0,3.0,8.0;
989.0,3.0,8.0;
989.0,3.0,8.0;
989.0,3.0,8.0;
989.0,3.0,8.0;
989.0,3.0,8.0;
989.0,3.0,8.0;
989.0,3.0,8.0;
989.0,3.0,8.0;
989.0,3.0,8.0;
989.0,3.0,8.0;
989.0,3.0,8.0;
988.0,4.0,8.0;
988.0,4.0,8.0;
988.0,4.0,8.0;
988.0,4.0,8.0;
988.0,4.0,8.0;
988.0,4.0,8.0;
988.0,4.0,8.0;
988.0,4.0,8.0;
988.0,4.0,8.0;
988.0,4.0,8.0;
988.0,4.0,8.0;
988.0,4.0,8.0;
988.0,4.0,8.0;
988.0,4.0,8.0;
988.0,4.0,8.0;
987.0,5.0,8.0;
987.0,5.0,8.0;
987.0,5.0,8.0;
987.0,5.0,8.0;
987.0,5.0,8.0;
986.0,6.0,8.0;
986.0,6.0,8.0;
986.0,6.0,8.0;
986.0,6.0,8.0;
986.0,6.0,8.0;
986.0,6.0,8.0;
986.0,6.0,8.0;
986.0,6.0,8.0;
986.0,6.0,8.0;
986.0,6.0,8.0;
986.0,6.0,8.0;
985.0,7.0,8.0;
985.0,6.0,9.0;
985.0,6.0,9.0;
985.0,6.0,9.0;
985.0,6.0,9.0;
985.0,6.0,9.0;
985.0,6.0,9.0;
985.0,6.0,9.0;
985.0,6.0,9.0;
984.0,7.0,9.0;
984.0,7.0,9.0;
984.0,7.0,9.0;
983.0,8.0,9.0;
983.0,7.0,10.0;
982.0,8.0,10.0;
982.0,8.0,10.0;
982.0,8.0,10.0;
982.0,8.0,10.0;
982.0,8.0,10.0;
981.0,9.0,10.0;
980.0,10.0,10.0;
979.0,11.0,10.0;
978.0,12.0,10.0;
977.0,13.0,10.0;
977.0,13.0,10.0;
977.0,13.0,10.0;
977.0,12.0,11.0;
977.0,12.0,11.0;
976.0,13.0,11.0;
975.0,14.0,11.0;
975.0,14.0,11.0;
975.0,14.0,11.0;
975.0,14.0,11.0;
975.0,14.0,11.0;
975.0,13.0,12.0;
975.0,13.0,12.0;
975.0,13.0,12.0;
975.0,13.0,12.0;
975.0,13.0,12.0;
975.0,13.0,12.0;
975.0,13.0,12.0;
975.0,13.0,12.0;
974.0,13.0,13.0;
974.0,12.0,14.0;
974.0,12.0,14.0;
974.0,12.0,14.0;
974.0,12.0,14.0;
974.0,12.0,14.0;
974.0,12.0,14.0;
974.0,12.0,14.0;
974.0,12.0,14.0;
974.0,12.0,14.0;
974.0,12.0,14.0;
974.0,12.0,14.0;
973.0,13.0,14.0;
973.0,13.0,14.0;
972.0,14.0,14.0;
972.0,14.0,14.0;
971.0,15.0,14.0;
971.0,14.0,15.0;
971.0,13.0,16.0;
971.0,13.0,16.0;
971.0,13.0,16.0;
971.0,13.0,16.0;
971.0,13.0,16.0;
971.0,13.0,16.0;
971.0,13.0,16.0;
970.0,14.0,16.0;
969.0,14.0,17.0;
969.0,14.0,17.0;
969.0,14.0,17.0;
969.0,14.0,17.0;
969.0,14.0,17.0;
969.0,14.0,17.0;
969.0,14.0,17.0;
968.0,15.0,17.0;
968.0,14.0,18.0;
968.0,14.0,18.0;
968.0,14.0,18.0;
967.0,15.0,18.0;
967.0,15.0,18.0;
967.0,14.0,19.0;
967.0,14.0,19.0;
967.0,14.0,19.0;
967.0,14.0,19.0;
967.0,13.0,20.0;
967.0,13.0,20.0;
967.0,13.0,20.0;
967.0,13.0,20.0;
966.0,14.0,20.0;
966.0,14.0,20.0;
965.0,15.0,20.0;
965.0,15.0,20.0;
965.0,15.0,20.0;
965.0,15.0,20.0;
963.0,17.0,20.0;
963.0,17.0,20.0;
962.0,17.0,21.0;
962.0,17.0,21.0;
960.0,19.0,21.0;
960.0,18.0,22.0;
960.0,18.0,22.0;
959.0,19.0,22.0;
959.0,19.0,22.0;
958.0,20.0,22.0;
958.0,20.0,22.0;
958.0,20.0,22.0;
958.0,20.0,22.0;
958.0,20.0,22.0;
958.0,20.0,22.0;
958.0,20.0,22.0;
958.0,20.0,22.0;
958.0,19.0,23.0;
958.0,19.0,23.0;
957.0,20.0,23.0;
957.0,20.0,23.0;
957.0,20.0,23.0;
957.0,20.0,23.0;
957.0,20.0,23.0;
957.0,20.0,23.0;
957.0,20.0,23.0;
956.0,21.0,23.0;
956.0,21.0,23.0;
956.0,21.0,23.0;
956.0,21.0,23.0;
955.0,22.0,23.0;
955.0,22.0,23.0;
955.0,21.0,24.0;
954.0,21.0,25.0;
954.0,21.0,25.0;
954.0,21.0,25.0;
954.0,20.0,26.0;
954.0,19.0,27.0;
951.0,21.0,28.0;
951.0,21.0,28.0;
951.0,21.0,28.0;
951.0,20.0,29.0;
951.0,20.0,29.0;
950.0,21.0,29.0;
950.0,21.0,29.0;
949.0,22.0,29.0;
947.0,24.0,29.0;
947.0,24.0,29.0;
947.0,24.0,29.0;
946.0,24.0,30.0;
945.0,24.0,31.0;
945.0,24.0,31.0;
944.0,25.0,31.0;
943.0,26.0,31.0;
943.0,26.0,31.0;
943.0,26.0,31.0;
943.0,26.0,31.0;
943.0,26.0,31.0;
943.0,26.0,31.0;
943.0,26.0,31.0;
943.0,26.0,31.0;
943.0,26.0,31.0;
941.0,28.0,31.0;
940.0,29.0,31.0;
939.0,30.0,31.0;
938.0,31.0,31.0;
937.0,32.0,31.0;
935.0,32.0,33.0;
934.0,33.0,33.0;
934.0,32.0,34.0;
934.0,32.0,34.0;
934.0,32.0,34.0;
934.0,32.0,34.0;
934.0,31.0,35.0;
933.0,32.0,35.0;
932.0,33.0,35.0;
932.0,33.0,35.0;
932.0,32.0,36.0;
930.0,34.0,36.0;
927.0,36.0,37.0;
926.0,36.0,38.0;
926.0,34.0,40.0;
925.0,34.0,41.0;
923.0,36.0,41.0;
923.0,35.0,42.0;
923.0,35.0,42.0;
923.0,34.0,43.0;
922.0,35.0,43.0;
921.0,36.0,43.0;
919.0,37.0,44.0;
918.0,37.0,45.0;
917.0,38.0,45.0;
915.0,40.0,45.0;
913.0,42.0,45.0;
913.0,42.0,45.0;
913.0,42.0,45.0;
911.0,44.0,45.0;
908.0,47.0,45.0;
907.0,47.0,46.0;
906.0,46.0,48.0;
905.0,47.0,48.0;
905.0,47.0,48.0;
904.0,48.0,48.0;
903.0,48.0,49.0;
901.0,48.0,51.0;
901.0,48.0,51.0;
900.0,49.0,51.0;
900.0,49.0,51.0;
900.0,48.0,52.0;
899.0,49.0,52.0;
897.0,51.0,52.0;
897.0,49.0,54.0;
895.0,50.0,55.0;
893.0,52.0,55.0;
893.0,51.0,56.0;
893.0,51.0,56.0;
890.0,54.0,56.0;
888.0,56.0,56.0;
888.0,55.0,57.0;
888.0,55.0,57.0;
887.0,56.0,57.0;
887.0,56.0,57.0;
887.0,55.0,58.0;
887.0,55.0,58.0;
887.0,55.0,58.0;
885.0,56.0,59.0;
884.0,57.0,59.0;
880.0,61.0,59.0;
880.0,61.0,59.0;
880.0,61.0,59.0;
878.0,63.0,59.0;
877.0,63.0,60.0;
875.0,65.0,60.0;
873.0,67.0,60.0;
871.0,68.0,61.0;
869.0,69.0,62.0;
869.0,68.0,63.0;
869.0,67.0,64.0;
868.0,68.0,64.0;
867.0,69.0,64.0;
866.0,68.0,66.0;
864.0,70.0,66.0;
864.0,70.0,66.0;
862.0,70.0,68.0;
860.0,70.0,70.0;
860.0,70.0,70.0;
857.0,73.0,70.0;
856.0,73.0,71.0;
854.0,75.0,71.0;
852.0,77.0,71.0;
