maxInf = [
0.0,1.0;
42.5,41.0;
3.9,3.0;
0.0,1.0;
0.0,1.0;
21.2,35.0;
38.7,40.0;
0.0,1.0;
66.3,32.0;
55.5,34.0;
35.5,29.0;
33.6,28.0;
64.9,20.0;
0.0,1.0;
0.0,1.0;
65.3,31.0;
51.8,32.0;
30.9,42.0;
2.9,2.0;
19.2,6.0;
0.0,1.0;
45.3,32.0;
53.5,28.0;
44.6,28.0;
4.6,2.0;
1.4,2.0;
36.9,47.0;
0.0,1.0;
0.0,1.0;
35.8,39.0;
62.7,25.0;
56.9,35.0;
0.0,1.0;
34.1,40.0;
27.9,39.0;
43.8,33.0;
40.1,40.0;
41.7,41.0;
33.0,30.0;
69.6,32.0;
0.0,1.0;
34.1,41.0;
11.7,2.0;
31.0,29.0;
33.8,26.0;
0.0,1.0;
39.4,38.0;
30.5,28.0;
70.2,33.0;
49.1,32.0;
69.7,19.0;
41.1,23.0;
0.0,1.0;
4.1,3.0;
40.4,35.0;
1.0,2.0;
43.2,33.0;
0.0,1.0;
36.2,31.0;
0.0,1.0;
34.6,35.0;
0.0,1.0;
0.0,1.0;
59.1,27.0;
51.9,28.0;
0.0,1.0;
4.7,2.0;
56.2,40.0;
45.9,35.0;
19.7,17.0;
1.0,2.0;
51.7,29.0;
37.6,29.0;
67.7,40.0;
0.0,1.0;
52.2,33.0;
41.6,38.0;
0.0,1.0;
0.0,1.0;
28.5,35.0;
0.0,1.0;
60.6,26.0;
47.4,28.0;
0.0,1.0;
0.0,1.0;
0.0,1.0;
55.9,31.0;
31.2,39.0;
103.2,26.0;
64.8,25.0;
64.4,21.0;
0.0,1.0;
50.5,31.0;
5.7,3.0;
40.1,26.0;
8.1,2.0;
48.1,42.0;
7.9,2.0;
35.9,35.0;
47.6,33.0;
5.1,3.0;
0.0,1.0;
0.9,2.0;
43.8,32.0;
0.0,1.0;
45.6,41.0;
55.4,28.0;
65.7,43.0;
0.0,1.0;
27.3,18.0;
0.0,1.0;
14.8,4.0;
55.6,31.0;
0.0,1.0;
0.0,1.0;
32.1,33.0;
39.1,26.0;
0.0,1.0;
73.5,25.0;
49.8,30.0;
41.7,29.0;
25.2,36.0;
2.4,3.0;
42.6,36.0;
0.0,1.0;
0.0,1.0;
7.0,3.0;
52.3,35.0;
0.0,1.0;
0.6,2.0;
32.6,36.0;
46.7,23.0;
0.0,1.0;
0.0,1.0;
28.6,21.0;
0.0,1.0;
44.3,45.0;
50.2,22.0;
40.8,22.0;
48.6,19.0;
50.6,34.0;
0.0,1.0;
104.8,16.0;
43.0,33.0;
69.8,22.0;
0.0,1.0;
52.0,37.0;
5.3,3.0;
69.0,32.0;
4.5,3.0;
69.2,23.0;
58.4,36.0;
0.0,1.0;
39.0,31.0;
59.4,34.0;
34.6,31.0;
2.3,2.0;
50.8,23.0;
52.8,47.0;
54.4,32.0;
50.2,29.0;
57.4,27.0;
0.0,1.0;
0.0,1.0;
0.0,1.0;
0.0,1.0;
79.7,36.0;
3.8,2.0;
59.9,24.0;
47.4,28.0;
0.0,1.0;
1.5,2.0;
37.9,30.0;
10.2,3.0;
39.5,41.0;
46.6,32.0;
0.0,1.0;
40.4,35.0;
0.0,1.0;
13.8,2.0;
0.0,1.0;
46.2,31.0;
0.0,1.0;
49.9,35.0;
0.0,1.0;
14.6,6.0;
74.1,30.0;
0.0,1.0;
30.3,37.0;
0.0,1.0;
131.3,19.0;
0.0,1.0;
43.4,27.0;
0.0,1.0;
50.0,37.0;
1.8,2.0;
0.0,1.0;
33.9,33.0;
41.9,45.0;
0.0,1.0;
21.8,22.0;
1.9,3.0;
0.0,1.0;
46.8,33.0;
41.9,35.0;
47.7,37.0;
0.0,1.0;
0.0,1.0;
45.8,28.0;
2.4,3.0;
27.6,34.0;
33.0,38.0;
0.0,1.0;
32.4,32.0;
0.0,1.0;
28.5,31.0;
0.0,1.0;
0.0,1.0;
6.0,4.0;
33.4,39.0;
5.3,2.0;
0.0,1.0;
39.6,40.0;
52.5,23.0;
23.6,31.0;
49.1,31.0;
56.5,31.0;
0.0,1.0;
59.8,34.0;
0.0,1.0;
26.7,27.0;
0.0,1.0;
3.5,2.0;
10.4,4.0;
59.0,35.0;
25.8,36.0;
35.1,35.0;
35.8,31.0;
3.0,2.0;
50.6,33.0;
0.0,1.0;
11.7,5.0;
0.0,1.0;
0.0,1.0;
40.3,22.0;
6.1,2.0;
50.5,24.0;
63.3,23.0;
0.3,2.0;
48.9,26.0;
37.0,24.0;
36.7,35.0;
0.0,1.0;
0.0,1.0;
0.0,1.0;
16.0,2.0;
0.0,1.0;
0.0,1.0;
37.7,26.0;
35.5,37.0;
41.3,39.0;
0.0,1.0;
0.0,1.0;
0.0,1.0;
29.4,21.0;
25.0,32.0;
65.0,24.0;
5.9,2.0;
39.7,31.0;
0.0,1.0;
47.1,25.0;
44.4,28.0;
54.2,38.0;
3.3,2.0;
78.8,26.0;
19.1,4.0;
49.5,42.0;
40.2,37.0;
0.0,1.0;
3.9,5.0;
34.9,32.0;
34.7,21.0;
21.0,32.0;
59.0,25.0;
46.7,44.0;
0.0,1.0;
8.6,4.0;
41.4,27.0;
50.5,29.0;
0.0,1.0;
55.9,31.0;
0.0,1.0;
48.3,36.0;
37.4,37.0;
48.3,27.0;
37.3,18.0;
0.0,1.0;
0.0,1.0;
73.4,22.0;
5.6,2.0;
38.6,34.0;
78.7,21.0;
31.6,24.0;
58.8,28.0;
49.4,27.0;
15.1,3.0;
0.0,1.0;
34.6,33.0;
0.0,1.0;
35.1,28.0;
0.0,1.0;
72.8,33.0;
54.7,25.0;
57.3,29.0;
14.2,2.0;
38.5,37.0;
29.4,21.0;
0.0,1.0;
36.5,30.0;
110.7,20.0;
52.9,26.0;
65.8,32.0;
37.4,42.0;
0.0,1.0;
0.0,1.0;
3.9,3.0;
67.9,21.0;
32.5,24.0;
31.2,28.0;
0.0,1.0;
2.5,2.0;
63.7,27.0;
38.9,44.0;
2.2,2.0;
6.4,2.0;
28.2,48.0;
22.9,26.0;
0.0,1.0;
59.2,32.0;
4.5,2.0;
67.3,32.0;
2.0,2.0;
6.1,2.0;
66.7,28.0;
0.7,2.0;
0.0,1.0;
0.0,1.0;
35.2,39.0;
42.7,30.0;
33.9,34.0;
36.2,36.0;
69.6,28.0;
35.5,37.0;
42.3,30.0;
52.7,42.0;
30.2,33.0;
44.5,40.0;
0.0,1.0;
32.8,30.0;
42.1,26.0;
42.3,35.0;
16.0,2.0;
73.9,19.0;
44.3,29.0;
33.1,36.0;
33.3,36.0;
51.2,29.0;
26.4,43.0;
74.7,31.0;
0.0,1.0;
44.5,36.0;
51.1,27.0;
0.0,1.0;
47.0,41.0;
24.2,48.0;
51.7,37.0;
61.0,28.0;
35.2,33.0;
45.5,37.0;
36.9,18.0;
41.8,38.0;
26.8,37.0;
0.0,1.0;
38.5,33.0;
56.0,26.0;
27.2,33.0;
0.0,1.0;
30.4,31.0;
46.0,22.0;
58.3,45.0;
0.0,1.0;
28.3,22.0;
8.5,3.0;
63.8,25.0;
0.0,1.0;
26.4,28.0;
0.0,1.0;
0.0,1.0;
12.2,3.0;
13.2,4.0;
39.4,33.0;
0.0,1.0;
42.5,38.0;
23.3,36.0;
0.0,1.0;
0.0,1.0;
25.5,31.0;
28.5,26.0;
57.9,28.0;
54.9,40.0;
4.2,2.0;
0.0,1.0;
25.1,30.0;
45.4,20.0;
30.1,27.0;
0.0,1.0;
0.0,1.0;
25.5,19.0;
0.0,1.0;
0.0,1.0;
0.0,1.0;
35.6,40.0;
0.0,1.0;
43.1,22.0;
39.3,26.0;
0.0,1.0;
0.0,1.0;
2.5,2.0;
50.4,19.0;
4.8,2.0;
0.0,1.0;
38.9,36.0;
0.0,1.0;
49.2,34.0;
59.0,32.0;
53.5,30.0;
47.1,24.0;
51.0,28.0;
61.9,24.0;
2.8,3.0;
66.2,27.0;
23.7,39.0;
75.8,26.0;
26.2,25.0;
42.0,37.0;
61.0,21.0;
0.0,1.0;
54.0,32.0;
15.9,2.0;
27.3,31.0;
82.2,26.0;
0.0,1.0;
31.3,20.0;
53.6,30.0;
0.0,1.0;
5.7,4.0;
0.0,1.0;
0.0,1.0;
42.1,40.0;
0.8,3.0;
0.0,1.0;
53.3,28.0;
41.0,22.0;
0.0,1.0;
37.5,27.0;
113.3,39.0;
0.0,1.0;
26.3,30.0;
4.0,2.0;
54.9,26.0;
53.3,33.0;
38.8,26.0;
37.9,39.0;
24.2,21.0;
0.0,1.0;
0.0,1.0;
8.2,2.0;
0.0,1.0;
84.1,20.0;
36.8,30.0;
46.8,38.0;
0.0,1.0;
57.7,28.0;
57.8,26.0;
43.6,32.0;
4.1,2.0;
0.0,1.0;
0.0,1.0;
0.0,1.0;
0.3,2.0;
30.0,37.0;
48.3,40.0;
0.0,1.0;
47.7,38.0;
61.0,30.0;
45.1,31.0;
36.0,26.0;
47.2,34.0;
31.4,24.0;
61.3,33.0;
44.4,37.0;
44.7,36.0;
46.0,36.0;
61.1,30.0;
0.0,1.0;
40.0,27.0;
78.7,22.0;
4.7,2.0;
42.4,36.0;
63.8,31.0;
0.4,2.0;
0.0,1.0;
0.0,1.0;
0.0,1.0;
56.7,39.0;
54.1,30.0;
36.4,28.0;
47.1,30.0;
0.0,1.0;
0.0,1.0;
27.5,53.0;
55.4,16.0;
37.6,43.0;
75.3,20.0;
27.5,38.0;
35.9,29.0;
5.7,4.0;
26.8,40.0;
0.0,1.0;
0.0,1.0;
25.8,14.0;
70.9,28.0;
55.7,31.0;
35.3,17.0;
44.1,34.0;
0.0,1.0;
41.9,39.0;
36.4,42.0;
0.0,1.0;
4.3,2.0;
64.9,29.0;
39.2,31.0;
42.2,32.0;
2.1,2.0;
42.2,31.0;
30.9,31.0;
0.0,1.0;
0.0,1.0;
27.4,29.0;
49.8,25.0;
29.6,4.0;
58.0,25.0;
25.8,32.0;
0.0,1.0;
37.5,25.0;
48.5,23.0;
5.1,2.0;
0.0,1.0;
37.4,39.0;
0.0,1.0;
0.0,1.0;
53.3,37.0;
41.4,19.0;
65.4,30.0;
55.2,26.0;
0.0,1.0;
0.0,1.0;
21.1,4.0;
27.9,36.0;
6.0,2.0;
33.5,34.0;
48.5,24.0;
58.7,27.0;
4.9,3.0;
57.1,33.0;
2.4,2.0;
0.0,1.0;
0.8,2.0;
0.0,1.0;
27.1,41.0;
0.0,1.0;
0.5,2.0;
57.5,30.0;
45.5,29.0;
54.3,27.0;
5.3,3.0;
0.0,1.0;
56.4,32.0;
29.0,39.0;
0.0,1.0;
0.0,1.0;
0.0,1.0;
3.5,2.0;
35.0,32.0;
46.0,38.0;
76.6,27.0;
0.0,1.0;
42.3,40.0;
63.1,36.0;
0.0,1.0;
56.4,31.0;
3.7,4.0;
45.1,29.0;
0.4,2.0;
0.0,1.0;
0.0,1.0;
52.6,26.0;
43.4,32.0;
38.1,38.0;
47.6,38.0;
47.8,30.0;
38.6,35.0;
74.0,21.0;
0.0,1.0;
45.1,33.0;
0.0,1.0;
42.2,38.0;
74.2,24.0;
36.2,27.0;
47.8,28.0;
52.2,29.0;
43.8,33.0;
62.0,28.0;
33.5,38.0;
31.5,39.0;
0.0,1.0;
0.0,1.0;
51.0,30.0;
57.6,29.0;
57.6,37.0;
0.0,1.0;
53.2,31.0;
43.0,21.0;
67.7,35.0;
68.5,28.0;
46.7,35.0;
0.0,1.0;
33.3,39.0;
58.4,36.0;
23.7,22.0;
50.9,30.0;
64.6,22.0;
41.5,39.0;
55.0,34.0;
0.0,1.0;
46.9,42.0;
4.8,2.0;
58.9,32.0;
8.3,2.0;
0.0,1.0;
8.1,2.0;
0.0,1.0;
56.3,35.0;
0.0,1.0;
52.1,25.0;
3.7,2.0;
12.9,2.0;
0.0,1.0;
29.1,37.0;
39.1,23.0;
33.7,31.0;
36.1,33.0;
41.4,37.0;
0.0,1.0;
0.0,1.0;
19.8,5.0;
3.6,2.0;
20.5,29.0;
117.2,23.0;
49.1,35.0;
31.9,31.0;
32.2,48.0;
47.5,27.0;
2.2,2.0;
39.4,35.0;
48.8,29.0;
48.8,35.0;
4.4,3.0;
46.4,32.0;
50.1,23.0;
36.0,36.0;
49.4,31.0;
51.9,32.0;
0.0,1.0;
46.9,30.0;
36.7,40.0;
29.3,33.0;
57.7,31.0;
0.0,1.0;
0.0,1.0;
0.0,1.0;
61.2,30.0;
0.0,1.0;
45.6,26.0;
39.5,40.0;
94.3,22.0;
0.0,1.0;
45.9,36.0;
45.4,34.0;
61.1,30.0;
0.0,1.0;
59.4,25.0;
69.6,27.0;
87.4,44.0;
0.0,1.0;
0.0,1.0;
6.7,2.0;
55.1,23.0;
47.4,31.0;
58.4,27.0;
0.0,1.0;
52.1,31.0;
49.5,40.0;
0.0,1.0;
35.5,29.0;
37.2,25.0;
80.8,26.0;
45.8,32.0;
37.1,48.0;
42.8,31.0;
28.1,32.0;
54.2,16.0;
31.3,28.0;
28.6,54.0;
49.6,35.0;
9.3,3.0;
35.3,37.0;
3.3,2.0;
11.9,3.0;
0.0,1.0;
64.6,23.0;
70.4,17.0;
5.4,2.0;
36.3,27.0;
0.0,1.0;
38.5,39.0;
0.0,1.0;
41.1,30.0;
0.0,1.0;
0.0,1.0;
0.9,2.0;
0.0,1.0;
0.7,2.0;
28.1,30.0;
34.1,38.0;
48.6,30.0;
0.0,1.0;
0.0,1.0;
108.6,16.0;
51.3,25.0;
4.9,2.0;
0.0,1.0;
38.1,46.0;
41.2,33.0;
8.5,3.0;
55.2,27.0;
0.0,1.0;
2.6,2.0;
0.4,2.0;
30.7,37.0;
44.8,37.0;
49.4,36.0;
44.5,30.0;
34.9,28.0;
40.6,20.0;
61.4,19.0;
0.0,1.0;
40.8,30.0;
32.8,27.0;
0.0,1.0;
58.6,32.0;
29.8,33.0;
49.9,39.0;
53.7,30.0;
1.3,2.0;
4.8,2.0;
46.8,40.0;
37.5,34.0;
36.1,31.0;
44.5,20.0;
