dynamics = [
999.000,1.000,0.000;
999.000,1.000,0.000;
999.000,1.000,0.000;
999.000,1.000,0.000;
998.975,1.018,0.007;
998.950,1.037,0.013;
998.925,1.055,0.020;
998.900,1.074,0.027;
998.874,1.093,0.034;
998.847,1.112,0.041;
998.821,1.132,0.048;
998.793,1.152,0.055;
998.766,1.172,0.063;
998.737,1.193,0.070;
998.709,1.214,0.078;
998.679,1.235,0.086;
998.650,1.257,0.094;
998.619,1.279,0.102;
998.588,1.302,0.110;
998.557,1.325,0.118;
998.525,1.348,0.127;
998.493,1.372,0.135;
998.459,1.396,0.144;
998.426,1.421,0.153;
998.392,1.446,0.162;
998.357,1.472,0.172;
998.321,1.498,0.181;
998.285,1.524,0.191;
998.248,1.551,0.201;
998.211,1.578,0.211;
998.173,1.606,0.221;
998.134,1.635,0.231;
998.095,1.663,0.242;
998.055,1.693,0.252;
998.014,1.723,0.263;
997.973,1.753,0.274;
997.930,1.784,0.286;
997.887,1.815,0.297;
997.844,1.848,0.309;
997.799,1.880,0.321;
997.754,1.913,0.333;
997.708,1.947,0.345;
997.661,1.981,0.358;
997.613,2.016,0.370;
997.565,2.052,0.383;
997.515,2.088,0.397;
997.465,2.125,0.410;
997.414,2.163,0.424;
997.362,2.201,0.438;
997.309,2.240,0.452;
997.255,2.279,0.466;
997.200,2.319,0.481;
997.144,2.360,0.496;
997.087,2.402,0.511;
997.029,2.444,0.527;
996.970,2.487,0.542;
996.911,2.531,0.558;
996.850,2.576,0.575;
996.788,2.621,0.591;
996.725,2.667,0.608;
996.660,2.714,0.625;
996.595,2.762,0.643;
996.529,2.811,0.660;
996.461,2.860,0.679;
996.392,2.911,0.697;
996.322,2.962,0.716;
996.251,3.014,0.735;
996.178,3.067,0.754;
996.105,3.121,0.774;
996.030,3.176,0.794;
995.953,3.232,0.814;
995.875,3.289,0.835;
995.796,3.347,0.856;
995.716,3.406,0.878;
995.634,3.466,0.900;
995.551,3.527,0.922;
995.466,3.589,0.945;
995.380,3.652,0.968;
995.292,3.717,0.992;
995.202,3.782,1.015;
995.112,3.849,1.040;
995.019,3.916,1.065;
994.925,3.985,1.090;
994.829,4.055,1.115;
994.732,4.127,1.142;
994.633,4.199,1.168;
994.532,4.273,1.195;
994.429,4.348,1.223;
994.325,4.425,1.251;
994.219,4.502,1.279;
994.110,4.581,1.308;
994.000,4.662,1.338;
993.889,4.744,1.368;
993.775,4.827,1.398;
993.659,4.912,1.429;
993.541,4.998,1.461;
993.421,5.086,1.493;
993.299,5.175,1.526;
993.175,5.266,1.559;
993.049,5.358,1.593;
992.920,5.452,1.628;
992.789,5.548,1.663;
992.656,5.645,1.698;
992.521,5.744,1.735;
992.383,5.845,1.772;
992.243,5.947,1.809;
992.101,6.052,1.848;
991.956,6.158,1.887;
991.808,6.266,1.926;
991.658,6.375,1.967;
991.505,6.487,2.008;
991.350,6.601,2.049;
991.192,6.716,2.092;
991.031,6.834,2.135;
990.867,6.953,2.179;
990.701,7.075,2.224;
990.532,7.199,2.270;
990.359,7.325,2.316;
990.184,7.453,2.363;
990.006,7.583,2.411;
989.825,7.715,2.460;
989.640,7.850,2.510;
989.452,7.987,2.560;
989.262,8.127,2.612;
989.067,8.269,2.664;
988.870,8.413,2.717;
988.669,8.560,2.771;
988.464,8.709,2.826;
988.256,8.861,2.883;
988.045,9.016,2.940;
987.829,9.173,2.998;
987.611,9.333,3.057;
987.388,9.495,3.117;
987.161,9.661,3.178;
986.931,9.829,3.240;
986.696,10.000,3.304;
986.458,10.174,3.368;
986.216,10.351,3.433;
985.969,10.531,3.500;
985.718,10.714,3.568;
985.463,10.900,3.637;
985.203,11.090,3.707;
984.939,11.282,3.779;
984.671,11.478,3.851;
984.397,11.677,3.925;
984.120,11.880,4.000;
983.837,12.086,4.077;
983.550,12.295,4.155;
983.257,12.509,4.234;
982.960,12.725,4.315;
982.658,12.946,4.397;
982.350,13.170,4.480;
982.038,13.398,4.565;
981.720,13.629,4.651;
981.396,13.865,4.739;
981.067,14.105,4.828;
980.733,14.348,4.919;
980.393,14.596,5.011;
980.047,14.848,5.105;
979.695,15.104,5.201;
979.337,15.364,5.298;
978.973,15.629,5.397;
978.603,15.898,5.498;
978.227,16.172,5.601;
977.845,16.450,5.705;
977.456,16.733,5.811;
977.060,17.021,5.919;
976.658,17.314,6.028;
976.249,17.611,6.140;
975.833,17.913,6.253;
975.411,18.221,6.369;
974.981,18.533,6.486;
974.544,18.851,6.606;
974.100,19.173,6.727;
973.648,19.502,6.851;
973.189,19.835,6.976;
972.722,20.174,7.104;
972.247,20.519,7.234;
971.764,20.869,7.366;
971.274,21.225,7.501;
970.775,21.587,7.638;
970.268,21.955,7.777;
969.753,22.329,7.918;
969.229,22.709,8.062;
968.696,23.095,8.208;
968.155,23.488,8.357;
967.605,23.887,8.509;
967.045,24.292,8.663;
966.477,24.704,8.819;
965.899,25.122,8.979;
965.312,25.548,9.140;
964.715,25.980,9.305;
964.108,26.419,9.473;
963.492,26.865,9.643;
962.865,27.319,9.816;
962.228,27.779,9.992;
961.581,28.247,10.171;
960.924,28.723,10.354;
960.255,29.206,10.539;
959.576,29.697,10.727;
958.886,30.195,10.919;
958.185,30.702,11.113;
957.473,31.216,11.311;
956.749,31.739,11.513;
956.013,32.269,11.717;
955.266,32.809,11.925;
954.507,33.356,12.137;
953.736,33.912,12.352;
952.952,34.477,12.571;
952.156,35.051,12.793;
951.348,35.633,13.019;
950.526,36.225,13.249;
949.692,36.825,13.483;
948.844,37.435,13.720;
947.984,38.055,13.962;
947.109,38.683,14.207;
946.221,39.322,14.457;
945.319,39.970,14.711;
944.404,40.628,14.968;
943.473,41.296,15.231;
942.529,41.974,15.497;
941.570,42.663,15.768;
940.595,43.361,16.043;
939.606,44.071,16.323;
938.602,44.790,16.607;
937.583,45.521,16.897;
936.547,46.262,17.190;
935.496,47.015,17.489;
934.429,47.778,17.792;
933.346,48.553,18.101;
932.247,49.339,18.414;
931.130,50.137,18.733;
929.998,50.946,19.056;
928.848,51.767,19.385;
927.681,52.600,19.720;
926.496,53.445,20.059;
925.294,54.302,20.404;
924.074,55.171,20.755;
922.836,56.052,21.111;
921.580,56.947,21.473;
920.306,57.853,21.841;
919.012,58.773,22.215;
917.700,59.705,22.594;
916.369,60.651,22.980;
915.019,61.609,23.372;
913.649,62.581,23.770;
912.260,63.566,24.174;
910.850,64.565,24.585;
909.421,65.577,25.002;
907.971,66.603,25.426;
906.501,67.643,25.857;
905.010,68.696,26.294;
903.498,69.764,26.738;
901.965,70.846,27.189;
900.411,71.942,27.647;
898.835,73.053,28.112;
897.238,74.178,28.584;
895.618,75.318,29.064;
893.977,76.473,29.551;
892.313,77.642,30.045;
890.626,78.826,30.547;
888.917,80.026,31.057;
887.185,81.240,31.575;
885.430,82.470,32.100;
883.652,83.715,32.634;
881.850,84.975,33.175;
880.024,86.251,33.725;
878.175,87.542,34.283;
876.302,88.849,34.850;
874.404,90.171,35.425;
872.482,91.510,36.008;
870.536,92.864,36.601;
868.564,94.234,37.202;
866.568,95.620,37.812;
864.547,97.022,38.431;
862.501,98.440,39.059;
860.430,99.874,39.697;
858.333,101.324,40.343;
856.210,102.790,41.000;
854.062,104.273,41.666;
851.888,105.771,42.341;
849.687,107.286,43.026;
847.461,108.818,43.721;
845.208,110.365,44.427;
842.929,111.929,45.142;
840.624,113.509,45.867;
838.292,115.105,46.603;
835.933,116.718,47.349;
833.548,118.346,48.106;
831.135,119.991,48.873;
828.696,121.652,49.651;
826.230,123.330,50.440;
823.737,125.023,51.240;
821.216,126.732,52.051;
818.669,128.457,52.874;
816.094,130.199,53.707;
813.492,131.956,54.552;
810.863,133.728,55.408;
808.207,135.517,56.276;
805.523,137.321,57.156;
802.812,139.140,58.048;
800.074,140.975,58.951;
797.309,142.825,59.867;
794.516,144.690,60.794;
791.697,146.570,61.734;
788.850,148.464,62.686;
785.976,150.374,63.651;
783.075,152.297,64.628;
780.147,154.236,65.618;
777.192,156.188,66.620;
774.211,158.154,67.635;
771.202,160.134,68.664;
768.168,162.127,69.705;
765.107,164.134,70.759;
762.019,166.154,71.827;
758.906,168.187,72.908;
755.766,170.232,74.002;
752.601,172.290,75.110;
749.410,174.359,76.231;
746.194,176.441,77.366;
742.952,178.534,78.514;
739.685,180.638,79.677;
736.394,182.753,80.853;
733.078,184.879,82.043;
729.737,187.015,83.247;
726.373,189.161,84.466;
722.985,191.317,85.698;
719.573,193.482,86.945;
716.138,195.656,88.206;
712.680,197.839,89.482;
709.199,200.029,90.771;
705.696,202.228,92.076;
702.171,204.434,93.395;
698.625,206.647,94.728;
695.057,208.866,96.077;
691.468,211.092,97.439;
687.859,213.324,98.817;
684.230,215.561,100.209;
680.581,217.803,101.617;
676.912,220.049,103.039;
673.225,222.299,104.476;
669.519,224.553,105.928;
665.795,226.810,107.395;
662.054,229.069,108.877;
658.295,231.331,110.374;
654.520,233.594,111.886;
650.729,235.858,113.413;
646.922,238.123,114.955;
643.099,240.388,116.513;
639.262,242.653,118.085;
635.411,244.916,119.673;
631.546,247.179,121.275;
627.668,249.439,122.893;
623.778,251.697,124.526;
619.875,253.951,126.173;
615.961,256.203,127.836;
612.036,258.450,129.514;
