dynamics = [
0.00,2703.000,1.000,0.000;
1.00,2703.000,1.000,0.000;
2.00,2703.000,1.000,0.000;
3.00,2703.000,1.000,0.000;
4.00,2703.000,1.000,0.000;
5.00,2703.000,1.000,0.000;
6.00,2703.000,1.000,0.000;
7.00,2703.000,1.000,0.000;
8.00,2702.000,2.000,0.000;
9.00,2701.000,3.000,0.000;
10.00,2700.000,3.000,1.000;
11.00,2700.000,3.000,1.000;
12.00,2699.000,4.000,1.000;
13.00,2699.000,3.000,2.000;
14.00,2698.000,4.000,2.000;
15.00,2697.000,5.000,2.000;
16.00,2696.000,6.000,2.000;
17.00,2696.000,4.000,4.000;
18.00,2696.000,4.000,4.000;
19.00,2696.000,4.000,4.000;
20.00,2696.000,4.000,4.000;
21.00,2695.000,5.000,4.000;
22.00,2695.000,5.000,4.000;
23.00,2695.000,5.000,4.000;
24.00,2695.000,5.000,4.000;
25.00,2692.000,8.000,4.000;
26.00,2692.000,7.000,5.000;
27.00,2690.000,9.000,5.000;
28.00,2688.000,11.000,5.000;
29.00,2688.000,10.000,6.000;
30.00,2686.000,11.000,7.000;
31.00,2683.000,13.000,8.000;
32.00,2681.000,13.000,10.000;
33.00,2678.000,16.000,10.000;
34.00,2676.000,17.000,11.000;
35.00,2675.000,16.000,13.000;
36.00,2674.000,16.000,14.000;
37.00,2673.000,16.000,15.000;
38.00,2671.000,18.000,15.000;
39.00,2664.000,25.000,15.000;
40.00,2661.000,27.000,16.000;
41.00,2658.000,29.000,17.000;
42.00,2656.000,29.000,19.000;
43.00,2656.000,26.000,22.000;
44.00,2654.000,28.000,22.000;
45.00,2651.000,31.000,22.000;
46.00,2649.000,32.000,23.000;
47.00,2647.000,33.000,24.000;
48.00,2646.000,32.000,26.000;
49.00,2646.000,30.000,28.000;
50.00,2645.000,28.000,31.000;
51.00,2642.000,31.000,31.000;
52.00,2639.000,32.000,33.000;
53.00,2636.000,34.000,34.000;
54.00,2635.000,32.000,37.000;
55.00,2635.000,32.000,37.000;
56.00,2635.000,30.000,39.000;
57.00,2633.000,31.000,40.000;
58.00,2630.000,32.000,42.000;
59.00,2629.000,31.000,44.000;
60.00,2627.000,32.000,45.000;
61.00,2623.000,36.000,45.000;
62.00,2621.000,37.000,46.000;
63.00,2617.000,38.000,49.000;
64.00,2612.000,41.000,51.000;
65.00,2610.000,38.000,56.000;
66.00,2607.000,39.000,58.000;
67.00,2602.000,42.000,60.000;
68.00,2600.000,43.000,61.000;
69.00,2593.000,45.000,66.000;
70.00,2591.000,44.000,69.000;
71.00,2590.000,44.000,70.000;
72.00,2588.000,45.000,71.000;
73.00,2582.000,50.000,72.000;
74.00,2579.000,48.000,77.000;
75.00,2578.000,47.000,79.000;
76.00,2573.000,52.000,79.000;
77.00,2568.000,53.000,83.000;
78.00,2559.000,59.000,86.000;
79.00,2553.000,61.000,90.000;
80.00,2546.000,65.000,93.000;
81.00,2543.000,67.000,94.000;
82.00,2536.000,68.000,100.000;
83.00,2532.000,68.000,104.000;
84.00,2528.000,67.000,109.000;
85.00,2521.000,66.000,117.000;
86.00,2519.000,65.000,120.000;
87.00,2519.000,62.000,123.000;
88.00,2512.000,65.000,127.000;
89.00,2510.000,63.000,131.000;
90.00,2504.000,66.000,134.000;
91.00,2498.000,64.000,142.000;
92.00,2488.000,71.000,145.000;
93.00,2486.000,69.000,149.000;
94.00,2483.000,65.000,156.000;
95.00,2481.000,62.000,161.000;
96.00,2474.000,67.000,163.000;
97.00,2471.000,62.000,171.000;
98.00,2468.000,60.000,176.000;
99.00,2467.000,57.000,180.000;
100.00,2463.000,57.000,184.000;
101.00,2457.000,61.000,186.000;
102.00,2451.000,64.000,189.000;
103.00,2448.000,64.000,192.000;
104.00,2443.000,64.000,197.000;
105.00,2438.000,64.000,202.000;
106.00,2435.000,63.000,206.000;
107.00,2426.000,67.000,211.000;
108.00,2419.000,69.000,216.000;
109.00,2414.000,68.000,222.000;
110.00,2411.000,65.000,228.000;
111.00,2405.000,64.000,235.000;
112.00,2401.000,65.000,238.000;
113.00,2397.000,66.000,241.000;
114.00,2390.000,70.000,244.000;
115.00,2385.000,72.000,247.000;
116.00,2376.000,75.000,253.000;
117.00,2370.000,78.000,256.000;
118.00,2363.000,78.000,263.000;
119.00,2355.000,79.000,270.000;
120.00,2349.000,77.000,278.000;
121.00,2342.000,82.000,280.000;
122.00,2336.000,84.000,284.000;
123.00,2325.000,90.000,289.000;
124.00,2316.000,92.000,296.000;
125.00,2306.000,95.000,303.000;
126.00,2298.000,94.000,312.000;
127.00,2292.000,96.000,316.000;
128.00,2283.000,101.000,320.000;
129.00,2278.000,97.000,329.000;
130.00,2274.000,94.000,336.000;
131.00,2268.000,92.000,344.000;
132.00,2261.000,90.000,353.000;
133.00,2254.000,89.000,361.000;
134.00,2248.000,88.000,368.000;
135.00,2246.000,82.000,376.000;
136.00,2242.000,82.000,380.000;
137.00,2237.000,81.000,386.000;
138.00,2229.000,82.000,393.000;
139.00,2224.000,80.000,400.000;
140.00,2218.000,78.000,408.000;
141.00,2216.000,72.000,416.000;
142.00,2212.000,74.000,418.000;
143.00,2207.000,78.000,419.000;
144.00,2203.000,81.000,420.000;
145.00,2197.000,80.000,427.000;
146.00,2192.000,79.000,433.000;
147.00,2188.000,72.000,444.000;
148.00,2184.000,70.000,450.000;
149.00,2177.000,71.000,456.000;
150.00,2174.000,68.000,462.000;
151.00,2172.000,66.000,466.000;
152.00,2168.000,65.000,471.000;
153.00,2163.000,66.000,475.000;
154.00,2160.000,65.000,479.000;
155.00,2156.000,64.000,484.000;
156.00,2152.000,66.000,486.000;
157.00,2146.000,69.000,489.000;
158.00,2142.000,71.000,491.000;
159.00,2138.000,71.000,495.000;
160.00,2133.000,73.000,498.000;
161.00,2129.000,74.000,501.000;
162.00,2128.000,67.000,509.000;
163.00,2126.000,63.000,515.000;
164.00,2125.000,59.000,520.000;
165.00,2122.000,56.000,526.000;
166.00,2116.000,60.000,528.000;
167.00,2112.000,58.000,534.000;
168.00,2110.000,54.000,540.000;
169.00,2104.000,54.000,546.000;
170.00,2103.000,53.000,548.000;
171.00,2102.000,51.000,551.000;
172.00,2100.000,50.000,554.000;
173.00,2093.000,55.000,556.000;
174.00,2088.000,58.000,558.000;
175.00,2083.000,58.000,563.000;
176.00,2077.000,60.000,567.000;
177.00,2075.000,55.000,574.000;
178.00,2071.000,58.000,575.000;
179.00,2066.000,57.000,581.000;
180.00,2065.000,57.000,582.000;
181.00,2061.000,59.000,584.000;
182.00,2057.000,59.000,588.000;
183.00,2053.000,53.000,598.000;
184.00,2052.000,52.000,600.000;
185.00,2050.000,52.000,602.000;
186.00,2046.000,51.000,607.000;
187.00,2045.000,51.000,608.000;
188.00,2039.000,47.000,618.000;
189.00,2031.000,53.000,620.000;
190.00,2030.000,51.000,623.000;
191.00,2027.000,52.000,625.000;
192.00,2023.000,53.000,628.000;
193.00,2018.000,55.000,631.000;
194.00,2017.000,55.000,632.000;
195.00,2014.000,57.000,633.000;
196.00,2012.000,56.000,636.000;
197.00,2006.000,53.000,645.000;
198.00,2002.000,56.000,646.000;
199.00,1999.000,53.000,652.000;
200.00,1997.000,52.000,655.000;
201.00,1995.000,50.000,659.000;
202.00,1991.000,50.000,663.000;
203.00,1990.000,48.000,666.000;
204.00,1984.000,48.000,672.000;
205.00,1980.000,51.000,673.000;
206.00,1977.000,52.000,675.000;
207.00,1975.000,49.000,680.000;
208.00,1973.000,50.000,681.000;
209.00,1970.000,47.000,687.000;
210.00,1966.000,48.000,690.000;
211.00,1963.000,47.000,694.000;
212.00,1959.000,48.000,697.000;
213.00,1958.000,47.000,699.000;
214.00,1955.000,48.000,701.000;
215.00,1952.000,50.000,702.000;
216.00,1942.000,57.000,705.000;
217.00,1939.000,55.000,710.000;
218.00,1935.000,52.000,717.000;
219.00,1931.000,56.000,717.000;
220.00,1928.000,55.000,721.000;
221.00,1926.000,54.000,724.000;
222.00,1920.000,56.000,728.000;
223.00,1912.000,60.000,732.000;
224.00,1908.000,59.000,737.000;
225.00,1900.000,65.000,739.000;
226.00,1896.000,65.000,743.000;
227.00,1889.000,68.000,747.000;
228.00,1883.000,72.000,749.000;
229.00,1878.000,74.000,752.000;
230.00,1876.000,72.000,756.000;
231.00,1870.000,73.000,761.000;
232.00,1863.000,76.000,765.000;
233.00,1857.000,78.000,769.000;
234.00,1854.000,77.000,773.000;
235.00,1849.000,77.000,778.000;
236.00,1844.000,80.000,780.000;
237.00,1837.000,80.000,787.000;
238.00,1833.000,78.000,793.000;
239.00,1830.000,77.000,797.000;
240.00,1827.000,74.000,803.000;
241.00,1821.000,75.000,808.000;
242.00,1813.000,78.000,813.000;
243.00,1810.000,75.000,819.000;
244.00,1806.000,71.000,827.000;
245.00,1801.000,68.000,835.000;
246.00,1795.000,70.000,839.000;
247.00,1786.000,74.000,844.000;
248.00,1779.000,76.000,849.000;
249.00,1775.000,70.000,859.000;
250.00,1768.000,72.000,864.000;
251.00,1765.000,72.000,867.000;
252.00,1761.000,68.000,875.000;
253.00,1755.000,69.000,880.000;
254.00,1753.000,69.000,882.000;
255.00,1746.000,73.000,885.000;
256.00,1740.000,73.000,891.000;
