dynamics = [
0.0,999.0,1.0,0.0;
0.1,998.975025,1.0183083333333334,0.006666666666666667;
0.2,998.95005,1.0366166666666667,0.013333333333333334;
0.30000000000000004,998.9246183851812,1.0552595592631788,0.020122055555555556;
0.4,998.8987301784064,1.0742369882603386,0.027032833333333336;
0.5,998.872377059593,1.0935550433452745,0.03406789706175453;
0.6,998.8455507105059,1.1132198125106372,0.041229476983490124;
0.7,998.8182426623661,1.1332374936947969,0.048519843939125284;
0.7999999999999999,998.7904442959489,1.1536143946952853,0.05594130935586287;
0.8999999999999999,998.7621468388995,1.1743569351199368,0.06349622598049484;
0.9999999999999999,998.733341363054,1.1954716483342325,0.07118698861179674;
1.0999999999999999,998.7040187817121,1.2169651834419881,0.07901603484592966;
1.2,998.674169846866,1.2388443072992343,0.08698584583482455;
1.3,998.6437851463804,1.2611159065618112,0.09509894705777114;
1.4000000000000001,998.6128551011263,1.2837869897671892,0.1033579091064327;
1.5000000000000002,998.5813699620654,1.3068646894510403,0.11176534848351144;
1.6000000000000003,998.5493198072857,1.3303562642990863,0.1203239284152927;
1.7000000000000004,998.5166945389869,1.354269101334756,0.12903635967829963;
1.8000000000000005,998.4834838804165,1.3786107181431926,0.13790540144029353;
1.9000000000000006,998.449677372752,1.4033887651321542,0.14693386211585857;
2.0000000000000004,998.4152643719328,1.4286110278303619,0.15612460023681318;
2.1000000000000005,998.3802340454384,1.4542854292238494,0.16548052533769422;
2.2000000000000006,998.3445753690125,1.4804200321308782,0.1750045988565633;
2.3000000000000007,998.3082771233326,1.5070230416159869,0.18469983505138896;
2.400000000000001,998.271327890624,1.5341028074437515,0.19456930193226146;
2.500000000000001,998.2337160512175,1.561667826572832,0.20461612220970138;
2.600000000000001,998.1954297800497,1.5897267456908972,0.2148434742593264;
2.700000000000001,998.1564570431059,1.6182883637910142,0.22525459310314527;
2.800000000000001,998.1167855938021,1.6473616347901023,0.23585277140775127;
2.9000000000000012,998.0764029693103,1.6769556701900554,0.24664136049969138;
3.0000000000000013,998.0352964868196,1.707079741782136,0.25762377139829207;
3.1000000000000014,997.9934532397385,1.7377432843952592,0.26880347586622577;
3.2000000000000015,997.9508600938331,1.7689558986887826,0.2801840074781067;
3.3000000000000016,997.9075036833021,1.8007273539904256,0.29176896270740843;
3.4000000000000017,997.863370406788,1.833067591179947,0.3035620020320003;
3.5000000000000018,997.8184464233221,1.8659867256192149,0.3155668510586031;
3.600000000000002,997.7727176482042,1.8994950501293055,0.3277873016664694;
3.700000000000002,997.7261697488141,1.933603038015275,0.3402272131705975;
3.800000000000002,997.678788140356,1.9683213461392504,0.3528905135047929;
3.900000000000002,997.6305579815327,2.0036608180424897,0.3657812004248947;
4.000000000000002,997.5814641701504,2.0396324871170695,0.3789033427324897;
4.100000000000001,997.5314913386527,2.0762475798278563,0.39226108151943967;
4.200000000000001,997.480623849581,2.113517518985424,0.40585863143355344;
4.300000000000001,997.4288457909637,2.1514539270705866,0.41970028196573916;
4.4,997.3761409716298,2.1900686296112157,0.43379039875897535;
4.5,997.3224929164486,2.2293736586120065,0.4481334249394459;
4.6,997.2678848614919,2.2693812560378817,0.4627338824701874;
4.699999999999999,997.2122997491207,2.3101038773516978,0.47759637352760076;
4.799999999999999,997.1557202229918,2.3515541951069423,0.49272558190118665;
4.899999999999999,997.098128622987,2.3937451025960956,0.5081262744168646;
4.999999999999998,997.0395069800604,2.4366897175553475,0.5238033023842442;
5.099999999999998,996.9798370110054,2.4804013859263487,0.5397616030682182;
5.1999999999999975,996.919100113139,2.524893685675682,0.5560062011852538;
5.299999999999997,996.8572773589025,2.5701804306727416,0.5725422104247628;
5.399999999999997,996.7943494903774,2.616275674626699,0.589374834995934;
5.4999999999999964,996.7302969137163,2.6631937150832528,0.6065093712004189;
5.599999999999996,996.6650996934869,2.7109490974818335,0.6239512090312636;
5.699999999999996,996.5987375469275,2.759556619273954,0.6417058337984852;
5.799999999999995,996.5311898381149,2.809031334103384,0.6597788277816975;
5.899999999999995,996.4624355720409,2.8593885560488337,0.6781758719101906;
5.999999999999995,996.3924533885993,2.9106438639298093,0.6969027474708798;
6.099999999999994,996.3212215564791,2.9628131056763314,0.7159653378445386;
6.199999999999994,996.2487179669661,3.01591240276317,0.7353696302707373;
6.299999999999994,996.1749201276488,3.069958154709269,0.7551217176419128;
6.399999999999993,996.09980515603,3.1249670436430184,0.7752278003270007;
6.499999999999993,996.0233497730409,3.180956038934025,0.7956941880250624;
6.5999999999999925,995.9455302964586,3.2379424018920338,0.8165273016493492;
6.699999999999992,995.8663226342242,3.2959436905336363,0.8377336752422426;
6.799999999999992,995.7857022776611,3.3549777644174,0.8593199579215228;
6.8999999999999915,995.7036442945936,3.415062789548039,0.8812929158584137;
6.999999999999991,995.6201233223619,3.476217243350248,0.9036594342878631;
7.099999999999991,995.5351135607357,3.5384599197127904,0.9264265195515167;
7.19999999999999,995.4485887647227,3.6018099341034477,0.9496013011738517;
7.29999999999999,995.3605222372727,3.6662867287553973,0.973191033971937;
7.39999999999999,995.2708868218751,3.731910077925592,0.9972031001992933;
7.499999999999989,995.17965489505,3.798700093225695,1.0216450117243292;
7.599999999999989,995.0867983587301,3.8666772290261036,1.046524412243833;
7.699999999999989,994.9922886325344,3.9358622879335856,1.0718490795320044;
7.799999999999988,994.8960966459315,4.0062764263430335,1.0976269277255117;
7.899999999999988,994.7981928302911,4.077941160063814,1.123866009645069;
7.999999999999988,994.6985471108247,4.150878370021193,1.1505745191540226;
8.099999999999987,994.5971288984123,4.225110308033261,1.177760793554448;
8.199999999999987,994.493907081315,4.300659602663799,1.205433316021256;
8.299999999999986,994.3888500167737,4.377549265151468,1.2336007180748112;
8.399999999999986,994.2819255224917,4.455802695415707,1.26227178209257;
8.499999999999986,994.1731008680001,4.535443688139674,1.2914554438602464;
8.599999999999985,994.0623427659065,4.616496438930558,1.3211607951630178;
8.699999999999985,993.9496173630251,4.698985550557545,1.3513970864172822;
8.799999999999985,993.8348902313888,4.782936039267685,1.382173729343486;
8.899999999999984,993.7181263591395,4.868373341179911,1.4135002996805361;
8.999999999999984,993.5992901413003,4.95532331875736,1.4453865399423207;
9.099999999999984,993.478345370425,5.04381226735818,1.4778423622168535;
9.199999999999983,993.3552552271265,5.133866921864913,1.5108778510085692;
9.299999999999983,993.2299822704832,5.2255144633925426,1.5445032661242903;
9.399999999999983,993.1024884283214,5.318782526075224,1.5787290456033898;
9.499999999999982,992.9727349873757,5.413699203931679,1.6135658086926734;
9.599999999999982,992.8406825833243,5.5102930578092035,1.6490243588665083;
9.699999999999982,992.7062911907011,5.608593122406168,1.6851156868927195;
9.799999999999981,992.5695201126824,5.708628913372842,1.721850973944781;
9.89999999999998,992.4303279707489,5.810430434490339,1.759241594760822;
9.99999999999998,992.2886726942227,5.914028184927384,1.7972991208499742;
10.09999999999998,992.1445115096789,6.019453166574593,1.8360353237465765;
10.19999999999998,991.9978009302314,6.126736891455856,1.875462178312759;
10.29999999999998,991.8484967446938,6.235911389216356,1.915591866089923;
10.399999999999979,991.6965540066136,6.347009214686708,1.9564367786996286;
10.499999999999979,991.541927023183,6.460063455522617,1.9980095212944042;
10.599999999999978,991.3845693440217,6.575107739919365,2.040322916058982;
10.699999999999978,991.2244337498371,6.692176244400404,2.083390005762466;
10.799999999999978,991.0614722409589,6.811303701679204,2.1272240573619285;
