dynamics = [
0.0,999.0,1.0,0.0;
0.5,998.875125,1.0915416666666666,0.03333333333333333;
1.0,998.75025,1.1830833333333333,0.06666666666666667;
1.5,998.6139607726582,1.2829878384529079,0.10305138888888889;
2.0,998.466260175791,1.3912523242089843,0.1424875;
2.5,998.3061089799185,1.508637258799797,0.18525376128176357;
3.0,998.1324691667792,1.6359019944653919,0.2316288387553964;
3.5,997.9442089428173,1.7738743098005514,0.2819167473820563;
4.0,997.740103080686,1.9234501054496969,0.336446813864236;
4.5,997.5188246313288,2.085599411146916,0.3955759575242544;
5.0,997.2789367180186,2.2613723209421677,0.4596909610392443;
5.5,997.0188836338612,2.4519054247279866,0.5292109414108082;
6.0,996.7369812608921,2.658428720332343,0.6045900187755471;
6.5,996.4314067597248,2.88227304067534,0.6863201995998133;
7.0,996.1001874825247,3.12487802719776,0.774934490277558;
7.5,995.7411890599515,3.3878006817484683,0.8710102583000694;
8.0,995.3521026113575,3.67272452943584,0.9751728592066614;
8.5,994.9304310264647,3.9814694249370164,1.088099548598277;
9.0,994.473474266129,4.316002034291605,1.2105236995794717;
9.5,993.978313629745,4.678447023177615,1.3432393470773722;
10.0,993.4417949374973,5.071098980948935,1.4871060815537591;
10.5,992.8605105771843,5.496435107156038,1.6430543156596795;
11.0,992.2307803679419,5.957128683700192,1.8120909483579775;
11.5,991.5486311970861,6.456063350983988,1.9953054519298454;
12.0,990.8097753917637,6.99634820018316,2.1938764080531854;
12.5,990.0095877944399,7.581333685807425,2.4090785197526516;
13.0,989.1430815208416,8.214628352732909,2.6422901264254235;
13.5,988.2048823911894,8.90011635952495,2.895001249285671;
14.0,987.1892020408931,9.641975764730192,3.168822194376768;
14.5,986.0898097358515,10.444697524454226,3.4654927396942665;
15.0,984.9000029406913,11.313105127456756,3.7868919318519394;
15.5,983.6125767163616,12.252374767637981,4.135048516000413;
16.0,982.219792057199,13.268055922551987,4.512152020248972;
16.5,980.7133433176876,14.366092169808754,4.920564512503571;
17.0,979.0843249265312,15.552842030213558,5.3628330432553035;
17.5,977.3231976412483,16.835099576502834,5.8417027822489285;
18.0,975.4197546612681,18.220114488809124,6.360130849922713;
18.5,973.3630879924286,19.715611171765268,6.921300835806141;
19.0,971.1415555418567,21.3298064727101,7.528637985433112;
19.5,968.7427495203808,23.07142545512719,8.185825024491955;
20.0,966.1534668407165,24.94971458570116,8.89681857358229;
20.5,963.3596823243722,26.974451586874554,9.665866088753196;
21.0,960.3465256689145,29.155951089475543,10.497523241609901;
21.5,957.0982632799638,31.505065092197096,11.396671627839053;
22.0,953.598286238545,34.033177097300076,12.368536664154904;
22.5,949.829105853012,36.75218864642651,13.418705500561474;
23.0,945.7723584336072,39.67449682925462,14.553144737138144;
23.5,941.4088211235852,42.8129611843958,15.778217692019027;
24.0,936.7184408191013,46.18085826123784,17.10070091966085;
24.5,931.6803784044248,49.791821969767796,18.527799625807376;
25.0,926.2730707111555,53.65976772099586,20.067161567848636;
25.5,920.4743127693756,57.798798263783475,21.726888966840896;
26.0,914.2613630418039,62.22308906732205,23.515547890874092;
26.5,907.6110744029598,66.94675109737325,25.442174499666876;
27.0,900.5000536250396,71.98366890638269,27.516277468577613;
27.5,892.9048520386303,77.34731212287956,29.747835838490055;
28.0,884.8021898248397,83.0505187064574,32.14729146870281;
28.5,876.1692160390066,89.10524875486126,34.72553520613213;
29.0,866.9838059368113,95.52230823350797,37.49388582968071;
29.5,857.2248964434979,102.31104276832603,40.464060788176084;
30.0,846.8728596504784,109.4790026202286,43.64813772929302;
30.5,835.9099130202153,117.03158115821414,47.058505821570556;
31.0,824.320563517631,124.97163057345759,50.70780590891151;
31.5,812.0920811643083,133.2990602215064,54.608858614185316;
32.0,799.2149955470545,142.01042481964487,58.77457963330057;
32.5,785.6836066429884,151.09851171632752,63.21788164068411;
33.0,771.4964990130048,160.55193851898952,67.9515624680056;
33.5,756.6570460575458,170.3547744172376,72.98817952521652;
34.0,741.1738887479019,180.48620044291522,78.33991080918284;
34.5,725.0613711988585,190.92022551138396,84.01840328975743;
35.0,708.3399138179075,201.62547621090454,90.03460997118793;
35.5,691.0363037555476,212.56507875621833,96.39861748823407;
36.0,673.1838822002068,223.696651104529,103.11946669526422;
36.5,654.8226089088063,234.9724217707222,110.2049693204715;
37.0,635.9989864055898,246.3394892371211,117.66152435728914;
37.5,616.7658296248992,257.7402319587876,125.49393841631321;
38.0,597.1818714415892,269.1128738341935,133.70525472421724;
38.5,577.3112004426173,280.39220376787256,142.29659578951015;
39.0,557.2225342394513,291.5104408432321,151.2670249173166;
39.5,536.9883392704536,302.3982290199674,160.61343170957903;
40.0,516.6838159449629,312.9857376506837,170.33044640435344;
40.5,496.3857755949931,323.2038370333213,180.4103873716857;
41.0,476.1714424367801,332.9853122698449,190.84324529337513;
41.5,456.1172190216472,342.2660744505337,201.6167065278192;
42.0,436.29745696492296,350.9863260982631,212.71621693681402;
42.5,416.7832757094437,359.0916382053911,224.12508608516515;
43.0,397.6414705211771,366.53389919038233,235.82463028844057;
43.5,378.9335468647879,373.27210157325845,247.79435156195362;
44.0,360.71491203104733,379.2729397673196,260.012148201633;
44.5,343.0342468566938,384.51120155589786,272.4545515874083;
45.0,325.93307121870316,388.9699458683112,285.0969829129856;
45.5,309.4455074144919,392.64046962065913,297.91402296484887;
46.0,293.59823628091294,395.52207589196104,310.8796878271259;
46.5,278.4106326117593,397.62166390709274,323.96770348114785;
47.0,263.8950596252537,398.95316769719966,337.15177267754655;
47.5,250.05729725168942,399.53687460719414,350.40582814111633;
48.0,236.89707600454733,399.3986569310962,363.7042670643563;
48.5,224.40868712746453,398.56914998793917,377.0221628845961;
49.0,212.58164037907454,397.0829081719593,390.335451448966;
49.5,201.40134291928666,394.9775672988158,403.6210897818973;
50.0,190.84977592107555,392.29303735796157,416.8571867209626;
50.5,180.9061493614538,389.07074500762286,430.0231056309231;
51.0,171.5475195770582,385.3529402134198,443.0995402095218;
51.5,162.7493582884931,381.1820766683975,456.06856504310923;
52.0,154.48606565657576,376.6002712932008,468.91366305022325;
52.5,146.73142336046863,371.648844367028,481.61973227250314;
53.0,139.45898658080796,366.3679387702487,494.17307464894316;
53.5,132.64241609027704,360.79621444854536,506.56136946117743;
54.0,126.25575340820228,354.9706125049452,518.7736340868524;
54.5,120.27364320811716,348.9261822234121,530.8001745684707;
55.0,114.67150794316933,342.69596373819513,542.6325283186355;
55.5,109.4256800498307,336.3109188907534,554.263401059416;
56.0,104.51349718384358,329.79990296546725,565.6865998506892;
56.5,99.9133658078681,323.18967037841765,576.8969638137143;
57.0,95.60479815414146,316.5049079332954,587.8902939125632;
57.5,91.56842718391101,309.7682898909119,598.6632829251771;
58.0,87.78600370419133,303.0005497728551,609.2134465229536;
58.5,84.2403793170962,296.2205644969198,619.539056185984;
59.0,80.91547839400471,289.44544709424946,629.6390745117459;
59.5,77.79626180466164,282.6906448670286,639.5130933283099;
60.0,74.86868470208697,275.970040399795,649.1612748981182;
60.5,72.11965027486144,269.29605333145287,658.5842963936858;
61.0,69.53696103212212,262.67974122753236,667.7832977403457;
61.5,67.10926888378901,256.130898264817,676.7598328513941;
62.0,64.8260250175806,249.65815075677432,685.5158242256451;
62.5,62.67743035244314,243.2690488130846,694.0535208344724;
63.0,60.65438716159292,236.97015364537566,702.3754591930315;
63.5,58.748452303606996,230.76712020959206,710.484427486801;
64.0,56.95179237298839,224.66477501869815,718.3834326083136;
64.5,55.257140978629195,218.66718907273767,726.0756699486333;
65.0,53.657758276080585,212.7777459413297,733.5644957825899;
65.5,52.14739281433151,206.99920510065422,740.8534020850145;
