dynamics = [
999,1,0;
999,1,0;
999,1,0;
999,1,0;
999,1,0;
999,1,0;
999,1,0;
999,1,0;
999,1,0;
999,1,0;
999,1,0;
999,1,0;
999,1,0;
999,1,0;
999,1,0;
999,1,0;
999,1,0;
999,1,0;
999,1,0;
999,1,0;
999,1,0;
999,1,0;
999,1,0;
999,1,0;
999,1,0;
999,1,0;
999,1,0;
999,1,0;
999,1,0;
999,1,0;
999,1,0;
999,1,0;
999,1,0;
999,1,0;
999,1,0;
999,1,0;
999,1,0;
999,1,0;
999,1,0;
999,1,0;
999,1,0;
999,1,0;
999,1,0;
999,1,0;
999,1,0;
999,1,0;
999,1,0;
999,1,0;
999,1,0;
999,1,0;
999,1,0;
999,1,0;
999,1,0;
999,1,0;
999,1,0;
999,1,0;
999,1,0;
999,1,0;
999,1,0;
999,1,0;
999,1,0;
999,1,0;
999,1,0;
999,1,0;
999,1,0;
999,1,0;
999,1,0;
999,1,0;
999,1,0;
999,1,0;
999,1,0;
999,1,0;
999,1,0;
999,1,0;
999,1,0;
999,1,0;
999,1,0;
999,1,0;
999,1,0;
999,1,0;
999,1,0;
999,1,0;
999,1,0;
999,1,0;
999,1,0;
999,1,0;
999,1,0;
999,1,0;
999,1,0;
999,1,0;
999,1,0;
999,1,0;
999,1,0;
999,1,0;
998,2,0;
998,2,0;
998,2,0;
998,2,0;
998,2,0;
998,2,0;
998,2,0;
998,2,0;
998,2,0;
998,2,0;
998,2,0;
998,2,0;
998,2,0;
998,2,0;
998,2,0;
998,2,0;
998,2,0;
998,2,0;
998,2,0;
998,2,0;
998,2,0;
998,2,0;
998,2,0;
998,2,0;
998,2,0;
998,2,0;
998,2,0;
998,2,0;
998,2,0;
998,2,0;
998,2,0;
998,2,0;
998,2,0;
997,3,0;
997,3,0;
997,3,0;
997,3,0;
997,3,0;
997,3,0;
997,3,0;
997,3,0;
997,3,0;
997,3,0;
997,3,0;
997,3,0;
997,3,0;
997,3,0;
997,3,0;
997,3,0;
997,3,0;
996,4,0;
996,4,0;
996,4,0;
996,4,0;
996,4,0;
995,5,0;
994,6,0;
994,6,0;
994,6,0;
994,6,0;
994,6,0;
992,8,0;
992,8,0;
992,8,0;
992,8,0;
992,8,0;
991,9,0;
991,9,0;
990,10,0;
989,11,0;
989,11,0;
989,11,0;
988,12,0;
988,12,0;
988,12,0;
988,12,0;
988,12,0;
987,13,0;
986,14,0;
985,15,0;
985,15,0;
985,15,0;
985,15,0;
985,15,0;
985,15,0;
985,15,0;
985,15,0;
985,15,0;
985,15,0;
985,15,0;
985,15,0;
983,17,0;
982,18,0;
982,18,0;
979,21,0;
979,21,0;
979,21,0;
979,21,0;
977,23,0;
977,23,0;
977,23,0;
977,23,0;
976,24,0;
974,26,0;
974,26,0;
974,26,0;
974,26,0;
974,26,0;
974,26,0;
973,27,0;
972,28,0;
971,29,0;
970,30,0;
970,30,0;
968,32,0;
968,32,0;
967,33,0;
967,33,0;
965,35,0;
965,35,0;
964,36,0;
963,37,0;
961,39,0;
960,40,0;
959,41,0;
959,41,0;
958,42,0;
958,42,0;
957,43,0;
956,44,0;
956,44,0;
955,45,0;
953,47,0;
951,49,0;
951,49,0;
949,51,0;
948,52,0;
945,55,0;
944,56,0;
943,57,0;
942,58,0;
942,58,0;
942,58,0;
941,59,0;
940,60,0;
939,61,0;
939,61,0;
938,62,0;
937,63,0;
934,66,0;
934,66,0;
932,68,0;
931,69,0;
928,72,0;
924,76,0;
923,77,0;
923,77,0;
922,78,0;
922,78,0;
920,80,0;
920,80,0;
920,80,0;
920,80,0;
919,81,0;
918,82,0;
917,83,0;
915,85,0;
912,88,0;
911,89,0;
910,90,0;
907,93,0;
906,94,0;
906,94,0;
904,96,0;
903,97,0;
902,98,0;
901,99,0;
901,99,0;
899,101,0;
896,104,0;
894,106,0;
894,106,0;
892,108,0;
891,109,0;
885,115,0;
883,117,0;
883,117,0;
880,120,0;
877,123,0;
874,126,0;
871,129,0;
869,131,0;
867,133,0;
865,135,0;
860,140,0;
857,143,0;
855,145,0;
854,146,0;
849,151,0;
847,153,0;
844,156,0;
844,156,0;
844,156,0;
842,158,0;
836,164,0;
834,166,0;
831,169,0;
830,170,0;
826,174,0;
825,175,0;
824,176,0;
821,179,0;
817,183,0;
813,187,0;
812,188,0;
809,191,0;
806,194,0;
800,200,0;
795,205,0;
791,209,0;
791,209,0;
789,211,0;
785,215,0;
783,217,0;
778,222,0;
777,223,0;
775,225,0;
772,228,0;
768,232,0;
764,236,0;
760,240,0;
758,242,0;
757,243,0;
750,250,0;
747,253,0;
741,259,0;
738,262,0;
732,268,0;
727,273,0;
721,279,0;
715,285,0;
712,288,0;
709,291,0;
701,299,0;
695,305,0;
690,310,0;
684,316,0;
678,322,0;
671,329,0;
669,331,0;
666,334,0;
663,337,0;
655,345,0;
649,351,0;
645,355,0;
645,355,0;
640,360,0;
634,366,0;
630,370,0;
623,377,0;
621,379,0;
618,382,0;
616,384,0;
611,389,0;
607,393,0;
604,396,0;
597,403,0;
592,408,0;
589,411,0;
585,415,0;
580,420,0;
576,424,0;
575,425,0;
570,430,0;
564,436,0;
560,440,0;
553,447,0;
548,452,0;
539,461,0;
536,464,0;
532,468,0;
528,472,0;
524,476,0;
519,481,0;
514,486,0;
509,491,0;
504,496,0;
499,501,0;
494,506,0;
490,510,0;
485,515,0;
475,525,0;
468,532,0;
464,536,0;
457,543,0;
452,548,0;
446,554,0;
443,557,0;
437,563,0;
432,568,0;
426,574,0;
420,580,0;
416,584,0;
411,589,0;
408,592,0;
403,597,0;
393,607,0;
386,614,0;
382,618,0;
379,621,0;
375,625,0;
372,628,0;
367,633,0;
360,640,0;
352,648,0;
351,649,0;
349,651,0;
347,653,0;
344,656,0;
340,660,0;
336,664,0;
332,668,0;
327,673,0;
323,677,0;
318,682,0;
311,689,0;
305,695,0;
302,698,0;
296,704,0;
290,710,0;
287,713,0;
283,717,0;
278,722,0;
276,724,0;
268,732,0;
264,736,0;
261,739,0;
257,743,0;
249,751,0;
246,754,0;
240,760,0;
237,763,0;
232,768,0;
227,773,0;
225,775,0;
219,781,0;
215,785,0;
214,786,0;
210,790,0;
204,796,0;
201,799,0;
198,802,0;
197,803,0;
194,806,0;
192,808,0;
190,810,0;
185,815,0;
183,817,0;
179,821,0;
177,823,0;
176,824,0;
172,828,0;
171,829,0;
169,831,0;
164,836,0;
161,839,0;
161,839,0;
160,840,0;
158,842,0;
155,845,0;
149,851,0;
147,853,0;
144,856,0;
140,860,0;
137,863,0;
135,865,0;
131,869,0;
130,870,0;
129,871,0;
123,877,0;
119,881,0;
116,884,0;
112,888,0;
110,890,0;
108,892,0;
105,895,0;
103,897,0;
103,897,0;
103,897,0;
103,897,0;
103,897,0;
102,898,0;
100,900,0;
98,902,0;
96,904,0;
94,906,0;
93,907,0;
92,908,0;
91,909,0;
89,911,0;
89,911,0;
87,913,0;
85,915,0;
83,917,0;
82,918,0;
81,919,0;
79,921,0;
77,923,0;
76,924,0;
76,924,0;
75,925,0;
75,925,0;
75,925,0;
75,925,0;
75,925,0;
74,926,0;
73,927,0;
70,930,0;
69,931,0;
69,931,0;
67,933,0;
64,936,0;
61,939,0;
60,940,0;
59,941,0;
57,943,0;
55,945,0;
54,946,0;
52,948,0;
52,948,0;
52,948,0;
51,949,0;
50,950,0;
47,953,0;
45,955,0;
43,957,0;
40,960,0;
40,960,0;
39,961,0;
39,961,0;
39,961,0;
39,961,0;
38,962,0;
38,962,0;
37,963,0;
36,964,0;
35,965,0;
35,965,0;
35,965,0;
33,967,0;
32,968,0;
32,968,0;
30,970,0;
29,971,0;
29,971,0;
29,971,0;
28,972,0;
27,973,0;
27,973,0;
27,973,0;
27,973,0;
26,974,0;
26,974,0;
25,975,0;
25,975,0;
24,976,0;
23,977,0;
23,977,0;
23,977,0;
23,977,0;
23,977,0;
22,978,0;
22,978,0;
21,979,0;
21,979,0;
21,979,0;
20,980,0;
20,980,0;
20,980,0;
20,980,0;
20,980,0;
19,981,0;
16,984,0;
15,985,0;
15,985,0;
15,985,0;
15,985,0;
15,985,0;
15,985,0;
15,985,0;
15,985,0;
14,986,0;
14,986,0;
14,986,0;
14,986,0;
14,986,0;
13,987,0;
13,987,0;
13,987,0;
13,987,0;
13,987,0;
13,987,0;
13,987,0;
13,987,0;
13,987,0;
13,987,0;
13,987,0;
13,987,0;
13,987,0;
11,989,0;
11,989,0;
10,990,0;
10,990,0;
10,990,0;
10,990,0;
10,990,0;
10,990,0;
10,990,0;
10,990,0;
10,990,0;
10,990,0;
10,990,0;
10,990,0;
9,991,0;
9,991,0;
9,991,0;
9,991,0;
9,991,0;
9,991,0;
9,991,0;
9,991,0;
8,992,0;
8,992,0;
8,992,0;
8,992,0;
8,992,0;
8,992,0;
8,992,0;
8,992,0;
8,992,0;
6,994,0;
6,994,0;
6,994,0;
6,994,0;
6,994,0;
6,994,0;
6,994,0;
6,994,0;
6,994,0;
6,994,0;
5,995,0;
5,995,0;
5,995,0;
5,995,0;
5,995,0;
5,995,0;
5,995,0;
5,995,0;
5,995,0;
5,995,0;
4,996,0;
3,997,0;
3,997,0;
3,997,0;
3,997,0;
3,997,0;
3,997,0;
3,997,0;
3,997,0;
3,997,0;
3,997,0;
3,997,0;
2,998,0;
2,998,0;
2,998,0;
2,998,0;
2,998,0;
2,998,0;
2,998,0;
1,999,0;
1,999,0;
1,999,0;
1,999,0;
1,999,0;
1,999,0;
1,999,0;
1,999,0;
1,999,0;
1,999,0;
1,999,0;
1,999,0;
1,999,0;
1,999,0;
1,999,0;
1,999,0;
1,999,0;
1,999,0;
1,999,0;
1,999,0;
1,999,0;
1,999,0;
1,999,0;
1,999,0;
1,999,0;
1,999,0;
1,999,0;
1,999,0;
1,999,0;
1,999,0;
1,999,0;
1,999,0;
1,999,0;
1,999,0;
1,999,0;
1,999,0;
1,999,0;
1,999,0;
1,999,0;
1,999,0;
1,999,0;
1,999,0;
1,999,0;
1,999,0;
1,999,0;
1,999,0;
1,999,0;
1,999,0;
1,999,0;
1,999,0;
1,999,0;
1,999,0;
1,999,0;
1,999,0;
1,999,0;
0,1000,0;
0,1000,0;
0,1000,0;
0,1000,0;
0,1000,0;
0,1000,0;
0,1000,0;
0,1000,0;
0,1000,0;
0,1000,0;
0,1000,0;
0,1000,0;
0,1000,0;
0,1000,0;
0,1000,0;
0,1000,0;
0,1000,0;
0,1000,0;
0,1000,0;
0,1000,0;
0,1000,0;
0,1000,0;
0,1000,0;
0,1000,0;
0,1000,0;
0,1000,0;
0,1000,0;
0,1000,0;
0,1000,0;
0,1000,0;
0,1000,0;
0,1000,0;
0,1000,0;
0,1000,0;
0,1000,0;
0,1000,0;
0,1000,0;
0,1000,0;
0,1000,0;
0,1000,0;
0,1000,0;
0,1000,0;
0,1000,0;
0,1000,0;
0,1000,0;
0,1000,0;
0,1000,0;
0,1000,0;
0,1000,0;
0,1000,0;
0,1000,0;
0,1000,0;
0,1000,0;
0,1000,0;
0,1000,0;
0,1000,0;
0,1000,0;
0,1000,0;
0,1000,0;
0,1000,0;
0,1000,0;
0,1000,0;
0,1000,0;
0,1000,0;
0,1000,0;
0,1000,0;
0,1000,0;
0,1000,0;
0,1000,0;
0,1000,0;
0,1000,0;
0,1000,0;
0,1000,0;
0,1000,0;
0,1000,0;
0,1000,0;
