dynamics = [
0.00,999.000,1.000,0.000;
0.05,999.000,1.000,0.000;
0.10,999.000,1.000,0.000;
0.15,999.000,1.000,0.000;
0.20,998.988,1.009,0.003;
0.25,998.975,1.018,0.007;
0.30,998.963,1.027,0.010;
0.35,998.950,1.037,0.013;
0.40,998.937,1.046,0.017;
0.45,998.924,1.055,0.020;
0.50,998.911,1.065,0.024;
0.55,998.898,1.074,0.027;
0.60,998.885,1.084,0.031;
0.65,998.872,1.094,0.034;
0.70,998.858,1.104,0.038;
0.75,998.845,1.114,0.041;
0.80,998.831,1.124,0.045;
0.85,998.818,1.134,0.049;
0.90,998.804,1.144,0.052;
0.95,998.790,1.154,0.056;
1.00,998.775,1.165,0.060;
1.05,998.761,1.175,0.064;
1.10,998.747,1.186,0.068;
1.15,998.732,1.196,0.071;
1.20,998.718,1.207,0.075;
1.25,998.703,1.218,0.079;
1.30,998.688,1.229,0.083;
1.35,998.673,1.240,0.087;
1.40,998.658,1.251,0.091;
1.45,998.642,1.262,0.096;
1.50,998.627,1.274,0.100;
1.55,998.611,1.285,0.104;
1.60,998.595,1.297,0.108;
1.65,998.579,1.308,0.112;
1.70,998.563,1.320,0.117;
1.75,998.547,1.332,0.121;
1.80,998.531,1.344,0.125;
1.85,998.514,1.356,0.130;
1.90,998.498,1.368,0.134;
1.95,998.481,1.380,0.139;
2.00,998.464,1.393,0.143;
2.05,998.447,1.405,0.148;
2.10,998.430,1.418,0.152;
2.15,998.412,1.431,0.157;
2.20,998.395,1.444,0.162;
2.25,998.377,1.457,0.166;
2.30,998.359,1.470,0.171;
2.35,998.341,1.483,0.176;
2.40,998.323,1.496,0.181;
2.45,998.305,1.510,0.186;
2.50,998.286,1.523,0.191;
2.55,998.268,1.537,0.196;
2.60,998.249,1.551,0.201;
2.65,998.230,1.565,0.206;
2.70,998.211,1.579,0.211;
2.75,998.191,1.593,0.216;
2.80,998.172,1.607,0.221;
2.85,998.152,1.622,0.226;
2.90,998.132,1.636,0.232;
2.95,998.112,1.651,0.237;
3.00,998.092,1.666,0.243;
3.05,998.071,1.681,0.248;
3.10,998.051,1.696,0.253;
3.15,998.030,1.711,0.259;
3.20,998.009,1.726,0.265;
3.25,997.988,1.742,0.270;
3.30,997.967,1.757,0.276;
3.35,997.945,1.773,0.282;
3.40,997.923,1.789,0.288;
3.45,997.901,1.805,0.293;
3.50,997.879,1.821,0.299;
3.55,997.857,1.838,0.305;
3.60,997.834,1.854,0.311;
3.65,997.812,1.871,0.317;
3.70,997.789,1.888,0.323;
3.75,997.766,1.905,0.330;
3.80,997.742,1.922,0.336;
3.85,997.719,1.939,0.342;
3.90,997.695,1.956,0.349;
3.95,997.671,1.974,0.355;
4.00,997.647,1.992,0.361;
4.05,997.622,2.010,0.368;
4.10,997.598,2.028,0.375;
4.15,997.573,2.046,0.381;
4.20,997.548,2.064,0.388;
4.25,997.523,2.083,0.395;
4.30,997.497,2.101,0.401;
4.35,997.471,2.120,0.408;
4.40,997.445,2.139,0.415;
4.45,997.419,2.158,0.422;
4.50,997.393,2.178,0.429;
4.55,997.366,2.197,0.436;
4.60,997.339,2.217,0.444;
4.65,997.312,2.237,0.451;
4.70,997.285,2.257,0.458;
4.75,997.257,2.277,0.466;
4.80,997.229,2.298,0.473;
4.85,997.201,2.318,0.481;
4.90,997.173,2.339,0.488;
4.95,997.144,2.360,0.496;
5.00,997.115,2.381,0.504;
5.05,997.086,2.403,0.511;
5.10,997.057,2.424,0.519;
5.15,997.027,2.446,0.527;
5.20,996.997,2.468,0.535;
5.25,996.967,2.490,0.543;
5.30,996.936,2.512,0.551;
5.35,996.905,2.535,0.560;
5.40,996.874,2.558,0.568;
5.45,996.843,2.581,0.576;
5.50,996.812,2.604,0.585;
5.55,996.780,2.627,0.593;
5.60,996.747,2.651,0.602;
5.65,996.715,2.674,0.611;
5.70,996.682,2.698,0.619;
5.75,996.649,2.723,0.628;
5.80,996.616,2.747,0.637;
5.85,996.582,2.772,0.646;
5.90,996.548,2.796,0.655;
5.95,996.514,2.821,0.664;
6.00,996.480,2.847,0.674;
6.05,996.445,2.872,0.683;
6.10,996.410,2.898,0.692;
6.15,996.374,2.924,0.702;
6.20,996.338,2.950,0.711;
6.25,996.302,2.977,0.721;
6.30,996.266,3.003,0.731;
6.35,996.229,3.030,0.741;
6.40,996.192,3.057,0.751;
6.45,996.155,3.085,0.761;
6.50,996.117,3.112,0.771;
6.55,996.079,3.140,0.781;
6.60,996.041,3.168,0.791;
6.65,996.002,3.197,0.801;
6.70,995.963,3.225,0.812;
6.75,995.923,3.254,0.823;
6.80,995.883,3.283,0.833;
6.85,995.843,3.313,0.844;
6.90,995.803,3.342,0.855;
6.95,995.762,3.372,0.866;
7.00,995.721,3.403,0.877;
7.05,995.679,3.433,0.888;
7.10,995.637,3.464,0.899;
7.15,995.595,3.495,0.910;
7.20,995.552,3.526,0.922;
7.25,995.509,3.558,0.933;
7.30,995.465,3.590,0.945;
7.35,995.421,3.622,0.957;
7.40,995.377,3.654,0.969;
7.45,995.333,3.687,0.981;
7.50,995.287,3.720,0.993;
7.55,995.242,3.753,1.005;
7.60,995.196,3.787,1.017;
7.65,995.150,3.820,1.030;
7.70,995.103,3.855,1.042;
7.75,995.056,3.889,1.055;
7.80,995.009,3.924,1.068;
7.85,994.961,3.959,1.080;
7.90,994.912,3.994,1.093;
7.95,994.863,4.030,1.106;
8.00,994.814,4.066,1.120;
8.05,994.765,4.103,1.133;
8.10,994.714,4.139,1.146;
8.15,994.664,4.176,1.160;
8.20,994.613,4.214,1.174;
8.25,994.561,4.251,1.187;
8.30,994.509,4.289,1.201;
8.35,994.457,4.328,1.215;
8.40,994.404,4.366,1.230;
8.45,994.351,4.405,1.244;
8.50,994.297,4.445,1.258;
8.55,994.243,4.484,1.273;
8.60,994.188,4.524,1.287;
8.65,994.133,4.565,1.302;
8.70,994.077,4.606,1.317;
8.75,994.021,4.647,1.332;
8.80,993.964,4.688,1.348;
8.85,993.907,4.730,1.363;
8.90,993.849,4.772,1.378;
8.95,993.791,4.815,1.394;
9.00,993.732,4.858,1.410;
9.05,993.673,4.901,1.426;
9.10,993.613,4.945,1.442;
9.15,993.553,4.989,1.458;
9.20,993.492,5.034,1.474;
9.25,993.430,5.079,1.491;
9.30,993.368,5.124,1.507;
9.35,993.306,5.170,1.524;
9.40,993.243,5.216,1.541;
9.45,993.179,5.263,1.558;
9.50,993.115,5.310,1.575;
9.55,993.050,5.357,1.593;
9.60,992.985,5.405,1.610;
9.65,992.919,5.453,1.628;
9.70,992.853,5.502,1.646;
9.75,992.785,5.551,1.664;
9.80,992.718,5.600,1.682;
9.85,992.649,5.650,1.700;
9.90,992.581,5.700,1.719;
9.95,992.511,5.751,1.738;
10.00,992.441,5.803,1.756;
10.05,992.370,5.854,1.775;
10.10,992.299,5.907,1.795;
10.15,992.227,5.959,1.814;
10.20,992.154,6.012,1.833;
10.25,992.081,6.066,1.853;
10.30,992.007,6.120,1.873;
10.35,991.933,6.174,1.893;
10.40,991.857,6.229,1.913;
10.45,991.781,6.285,1.934;
10.50,991.705,6.341,1.954;
10.55,991.628,6.397,1.975;
10.60,991.550,6.454,1.996;
10.65,991.471,6.512,2.017;
10.70,991.392,6.570,2.038;
10.75,991.312,6.628,2.060;
10.80,991.231,6.687,2.082;
10.85,991.150,6.747,2.104;
10.90,991.068,6.807,2.126;
10.95,990.985,6.867,2.148;
11.00,990.901,6.928,2.170;
11.05,990.817,6.990,2.193;
11.10,990.732,7.052,2.216;
11.15,990.646,7.115,2.239;
11.20,990.559,7.178,2.262;
11.25,990.472,7.242,2.286;
11.30,990.384,7.306,2.310;
11.35,990.295,7.371,2.334;
11.40,990.205,7.437,2.358;
11.45,990.115,7.503,2.382;
11.50,990.024,7.570,2.407;
11.55,989.932,7.637,2.431;
11.60,989.839,7.705,2.456;
11.65,989.745,7.773,2.482;
11.70,989.651,7.842,2.507;
11.75,989.555,7.912,2.533;
11.80,989.459,7.982,2.559;
11.85,989.362,8.053,2.585;
11.90,989.264,8.125,2.611;
11.95,989.165,8.197,2.638;
12.00,989.066,8.269,2.665;
12.05,988.965,8.343,2.692;
12.10,988.864,8.417,2.719;
12.15,988.762,8.492,2.747;
12.20,988.659,8.567,2.774;
12.25,988.555,8.643,2.802;
12.30,988.450,8.719,2.831;
12.35,988.344,8.797,2.859;
12.40,988.237,8.875,2.888;
12.45,988.129,8.953,2.917;
12.50,988.021,9.033,2.947;
12.55,987.911,9.113,2.976;
12.60,987.800,9.194,3.006;
12.65,987.689,9.275,3.036;
12.70,987.576,9.357,3.066;
12.75,987.463,9.440,3.097;
12.80,987.348,9.524,3.128;
12.85,987.233,9.608,3.159;
12.90,987.116,9.693,3.191;
12.95,986.999,9.779,3.222;
13.00,986.880,9.865,3.254;
13.05,986.761,9.953,3.287;
13.10,986.640,10.041,3.319;
13.15,986.518,10.130,3.352;
13.20,986.395,10.219,3.385;
13.25,986.272,10.310,3.419;
13.30,986.147,10.401,3.453;
13.35,986.021,10.493,3.487;
13.40,985.894,10.585,3.521;
13.45,985.765,10.679,3.556;
13.50,985.636,10.773,3.591;
13.55,985.506,10.868,3.626;
13.60,985.374,10.964,3.662;
13.65,985.241,11.061,3.698;
13.70,985.107,11.159,3.734;
13.75,984.972,11.257,3.770;
13.80,984.836,11.357,3.807;
13.85,984.699,11.457,3.844;
13.90,984.560,11.558,3.882;
13.95,984.420,11.660,3.920;
14.00,984.279,11.763,3.958;
14.05,984.137,11.866,3.996;
14.10,983.994,11.971,4.035;
14.15,983.849,12.077,4.075;
14.20,983.703,12.183,4.114;
14.25,983.556,12.290,4.154;
14.30,983.407,12.399,4.194;
14.35,983.257,12.508,4.235;
14.40,983.106,12.618,4.276;
14.45,982.954,12.729,4.317;
14.50,982.800,12.841,4.359;
14.55,982.645,12.954,4.401;
14.60,982.489,13.068,4.443;
14.65,982.331,13.183,4.486;
14.70,982.172,13.299,4.529;
14.75,982.011,13.416,4.573;
14.80,981.849,13.534,4.617;
14.85,981.686,13.653,4.661;
14.90,981.521,13.773,4.706;
14.95,981.355,13.894,4.751;
15.00,981.188,14.016,4.796;
