dynamics = [
440.0,1.0,0.0;
440.0,1.0,0.0;
440.0,1.0,0.0;
440.0,1.0,0.0;
440.0,1.0,0.0;
440.0,1.0,0.0;
440.0,1.0,0.0;
440.0,1.0,0.0;
440.0,1.0,0.0;
440.0,1.0,0.0;
440.0,1.0,0.0;
440.0,1.0,0.0;
440.0,1.0,0.0;
440.0,1.0,0.0;
440.0,1.0,0.0;
440.0,1.0,0.0;
440.0,1.0,0.0;
440.0,1.0,0.0;
440.0,1.0,0.0;
440.0,1.0,0.0;
440.0,1.0,0.0;
440.0,1.0,0.0;
440.0,1.0,0.0;
440.0,1.0,0.0;
440.0,1.0,0.0;
440.0,1.0,0.0;
440.0,1.0,0.0;
440.0,1.0,0.0;
440.0,1.0,0.0;
440.0,1.0,0.0;
440.0,1.0,0.0;
440.0,1.0,0.0;
440.0,1.0,0.0;
440.0,1.0,0.0;
440.0,1.0,0.0;
440.0,1.0,0.0;
439.0,2.0,0.0;
439.0,2.0,0.0;
439.0,2.0,0.0;
439.0,2.0,0.0;
439.0,2.0,0.0;
439.0,2.0,0.0;
438.0,3.0,0.0;
438.0,3.0,0.0;
438.0,3.0,0.0;
438.0,3.0,0.0;
438.0,3.0,0.0;
438.0,3.0,0.0;
438.0,3.0,0.0;
437.0,4.0,0.0;
437.0,4.0,0.0;
437.0,4.0,0.0;
437.0,3.0,1.0;
437.0,3.0,1.0;
437.0,3.0,1.0;
437.0,3.0,1.0;
437.0,3.0,1.0;
437.0,3.0,1.0;
437.0,3.0,1.0;
437.0,3.0,1.0;
437.0,3.0,1.0;
436.0,4.0,1.0;
436.0,4.0,1.0;
436.0,4.0,1.0;
436.0,4.0,1.0;
436.0,4.0,1.0;
436.0,4.0,1.0;
436.0,4.0,1.0;
436.0,4.0,1.0;
436.0,4.0,1.0;
435.0,5.0,1.0;
435.0,5.0,1.0;
435.0,5.0,1.0;
435.0,4.0,2.0;
435.0,4.0,2.0;
434.0,5.0,2.0;
434.0,5.0,2.0;
434.0,5.0,2.0;
434.0,5.0,2.0;
434.0,5.0,2.0;
434.0,5.0,2.0;
434.0,5.0,2.0;
434.0,5.0,2.0;
434.0,5.0,2.0;
434.0,5.0,2.0;
434.0,5.0,2.0;
434.0,5.0,2.0;
434.0,5.0,2.0;
434.0,5.0,2.0;
434.0,5.0,2.0;
434.0,5.0,2.0;
434.0,5.0,2.0;
434.0,5.0,2.0;
434.0,5.0,2.0;
434.0,5.0,2.0;
434.0,5.0,2.0;
434.0,5.0,2.0;
434.0,5.0,2.0;
434.0,5.0,2.0;
434.0,5.0,2.0;
434.0,5.0,2.0;
434.0,5.0,2.0;
433.0,6.0,2.0;
433.0,6.0,2.0;
433.0,6.0,2.0;
432.0,7.0,2.0;
432.0,7.0,2.0;
432.0,7.0,2.0;
432.0,7.0,2.0;
432.0,7.0,2.0;
432.0,7.0,2.0;
432.0,7.0,2.0;
432.0,7.0,2.0;
432.0,7.0,2.0;
432.0,7.0,2.0;
432.0,7.0,2.0;
432.0,7.0,2.0;
432.0,7.0,2.0;
432.0,7.0,2.0;
432.0,7.0,2.0;
432.0,7.0,2.0;
432.0,7.0,2.0;
431.0,8.0,2.0;
431.0,8.0,2.0;
430.0,9.0,2.0;
430.0,9.0,2.0;
430.0,9.0,2.0;
430.0,9.0,2.0;
429.0,10.0,2.0;
429.0,10.0,2.0;
429.0,10.0,2.0;
429.0,9.0,3.0;
429.0,8.0,4.0;
429.0,8.0,4.0;
429.0,8.0,4.0;
429.0,8.0,4.0;
428.0,9.0,4.0;
428.0,9.0,4.0;
428.0,9.0,4.0;
428.0,9.0,4.0;
428.0,9.0,4.0;
428.0,9.0,4.0;
428.0,9.0,4.0;
428.0,9.0,4.0;
428.0,9.0,4.0;
428.0,9.0,4.0;
428.0,9.0,4.0;
428.0,8.0,5.0;
428.0,8.0,5.0;
428.0,8.0,5.0;
428.0,8.0,5.0;
428.0,8.0,5.0;
428.0,8.0,5.0;
428.0,8.0,5.0;
428.0,8.0,5.0;
428.0,8.0,5.0;
428.0,8.0,5.0;
427.0,9.0,5.0;
427.0,9.0,5.0;
427.0,9.0,5.0;
427.0,9.0,5.0;
427.0,9.0,5.0;
427.0,9.0,5.0;
427.0,9.0,5.0;
427.0,9.0,5.0;
427.0,9.0,5.0;
427.0,9.0,5.0;
427.0,9.0,5.0;
427.0,9.0,5.0;
427.0,9.0,5.0;
427.0,9.0,5.0;
427.0,9.0,5.0;
427.0,9.0,5.0;
427.0,9.0,5.0;
427.0,9.0,5.0;
426.0,10.0,5.0;
426.0,10.0,5.0;
426.0,10.0,5.0;
426.0,10.0,5.0;
426.0,10.0,5.0;
426.0,10.0,5.0;
426.0,10.0,5.0;
426.0,10.0,5.0;
426.0,10.0,5.0;
426.0,10.0,5.0;
426.0,10.0,5.0;
426.0,10.0,5.0;
426.0,9.0,6.0;
426.0,9.0,6.0;
426.0,9.0,6.0;
425.0,10.0,6.0;
425.0,9.0,7.0;
425.0,9.0,7.0;
425.0,9.0,7.0;
425.0,9.0,7.0;
425.0,9.0,7.0;
425.0,9.0,7.0;
425.0,9.0,7.0;
425.0,9.0,7.0;
425.0,9.0,7.0;
425.0,9.0,7.0;
425.0,8.0,8.0;
425.0,8.0,8.0;
425.0,8.0,8.0;
425.0,8.0,8.0;
425.0,8.0,8.0;
425.0,8.0,8.0;
425.0,8.0,8.0;
425.0,8.0,8.0;
424.0,9.0,8.0;
424.0,9.0,8.0;
424.0,9.0,8.0;
424.0,9.0,8.0;
424.0,9.0,8.0;
424.0,9.0,8.0;
424.0,9.0,8.0;
424.0,9.0,8.0;
424.0,9.0,8.0;
422.0,11.0,8.0;
422.0,11.0,8.0;
422.0,11.0,8.0;
422.0,11.0,8.0;
422.0,11.0,8.0;
422.0,11.0,8.0;
422.0,11.0,8.0;
422.0,11.0,8.0;
422.0,11.0,8.0;
422.0,11.0,8.0;
422.0,11.0,8.0;
422.0,11.0,8.0;
422.0,11.0,8.0;
422.0,10.0,9.0;
422.0,10.0,9.0;
422.0,9.0,10.0;
422.0,9.0,10.0;
422.0,9.0,10.0;
422.0,9.0,10.0;
422.0,9.0,10.0;
422.0,9.0,10.0;
422.0,9.0,10.0;
422.0,9.0,10.0;
422.0,9.0,10.0;
422.0,9.0,10.0;
422.0,9.0,10.0;
422.0,9.0,10.0;
421.0,10.0,10.0;
421.0,10.0,10.0;
421.0,10.0,10.0;
421.0,10.0,10.0;
420.0,11.0,10.0;
420.0,11.0,10.0;
419.0,12.0,10.0;
419.0,12.0,10.0;
419.0,12.0,10.0;
419.0,12.0,10.0;
419.0,12.0,10.0;
419.0,12.0,10.0;
419.0,12.0,10.0;
419.0,11.0,11.0;
419.0,11.0,11.0;
419.0,11.0,11.0;
419.0,11.0,11.0;
419.0,11.0,11.0;
419.0,11.0,11.0;
419.0,11.0,11.0;
419.0,11.0,11.0;
419.0,11.0,11.0;
418.0,12.0,11.0;
418.0,12.0,11.0;
418.0,12.0,11.0;
418.0,11.0,12.0;
418.0,11.0,12.0;
418.0,11.0,12.0;
418.0,11.0,12.0;
418.0,11.0,12.0;
418.0,11.0,12.0;
418.0,11.0,12.0;
418.0,11.0,12.0;
418.0,11.0,12.0;
418.0,11.0,12.0;
418.0,11.0,12.0;
418.0,11.0,12.0;
418.0,11.0,12.0;
418.0,10.0,13.0;
418.0,10.0,13.0;
418.0,10.0,13.0;
418.0,10.0,13.0;
418.0,10.0,13.0;
418.0,10.0,13.0;
418.0,10.0,13.0;
418.0,9.0,14.0;
417.0,10.0,14.0;
417.0,10.0,14.0;
417.0,10.0,14.0;
417.0,10.0,14.0;
417.0,10.0,14.0;
417.0,10.0,14.0;
417.0,9.0,15.0;
417.0,9.0,15.0;
417.0,9.0,15.0;
417.0,9.0,15.0;
417.0,9.0,15.0;
416.0,10.0,15.0;
416.0,10.0,15.0;
415.0,11.0,15.0;
415.0,11.0,15.0;
415.0,11.0,15.0;
415.0,11.0,15.0;
415.0,11.0,15.0;
415.0,11.0,15.0;
415.0,11.0,15.0;
415.0,11.0,15.0;
415.0,11.0,15.0;
415.0,11.0,15.0;
415.0,11.0,15.0;
415.0,11.0,15.0;
415.0,10.0,16.0;
415.0,10.0,16.0;
415.0,10.0,16.0;
415.0,10.0,16.0;
415.0,10.0,16.0;
415.0,10.0,16.0;
415.0,10.0,16.0;
415.0,10.0,16.0;
415.0,10.0,16.0;
414.0,11.0,16.0;
414.0,11.0,16.0;
414.0,11.0,16.0;
414.0,11.0,16.0;
414.0,11.0,16.0;
414.0,11.0,16.0;
414.0,11.0,16.0;
414.0,11.0,16.0;
414.0,11.0,16.0;
414.0,11.0,16.0;
414.0,10.0,17.0;
414.0,9.0,18.0;
414.0,9.0,18.0;
414.0,9.0,18.0;
414.0,9.0,18.0;
414.0,9.0,18.0;
414.0,9.0,18.0;
414.0,9.0,18.0;
414.0,9.0,18.0;
413.0,10.0,18.0;
413.0,10.0,18.0;
412.0,11.0,18.0;
412.0,11.0,18.0;
412.0,11.0,18.0;
412.0,11.0,18.0;
412.0,11.0,18.0;
412.0,11.0,18.0;
412.0,11.0,18.0;
412.0,11.0,18.0;
412.0,11.0,18.0;
412.0,11.0,18.0;
412.0,11.0,18.0;
412.0,11.0,18.0;
412.0,11.0,18.0;
412.0,11.0,18.0;
412.0,11.0,18.0;
412.0,11.0,18.0;
412.0,11.0,18.0;
412.0,11.0,18.0;
412.0,11.0,18.0;
412.0,10.0,19.0;
412.0,10.0,19.0;
412.0,10.0,19.0;
412.0,10.0,19.0;
412.0,10.0,19.0;
412.0,10.0,19.0;
412.0,10.0,19.0;
412.0,10.0,19.0;
412.0,10.0,19.0;
412.0,9.0,20.0;
412.0,9.0,20.0;
412.0,9.0,20.0;
412.0,9.0,20.0;
412.0,9.0,20.0;
412.0,9.0,20.0;
412.0,9.0,20.0;
412.0,9.0,20.0;
412.0,9.0,20.0;
412.0,9.0,20.0;
412.0,9.0,20.0;
412.0,9.0,20.0;
412.0,9.0,20.0;
412.0,9.0,20.0;
412.0,9.0,20.0;
412.0,9.0,20.0;
412.0,9.0,20.0;
412.0,9.0,20.0;
412.0,9.0,20.0;
412.0,9.0,20.0;
412.0,9.0,20.0;
412.0,9.0,20.0;
412.0,9.0,20.0;
412.0,9.0,20.0;
412.0,9.0,20.0;
412.0,9.0,20.0;
411.0,10.0,20.0;
411.0,10.0,20.0;
411.0,10.0,20.0;
411.0,10.0,20.0;
411.0,10.0,20.0;
411.0,10.0,20.0;
410.0,11.0,20.0;
410.0,11.0,20.0;
410.0,11.0,20.0;
410.0,11.0,20.0;
410.0,11.0,20.0;
410.0,11.0,20.0;
410.0,10.0,21.0;
410.0,10.0,21.0;
410.0,10.0,21.0;
410.0,10.0,21.0;
410.0,10.0,21.0;
410.0,10.0,21.0;
410.0,10.0,21.0;
410.0,10.0,21.0;
409.0,11.0,21.0;
409.0,10.0,22.0;
409.0,10.0,22.0;
409.0,10.0,22.0;
409.0,10.0,22.0;
409.0,10.0,22.0;
409.0,10.0,22.0;
409.0,10.0,22.0;
409.0,10.0,22.0;
409.0,9.0,23.0;
409.0,9.0,23.0;
409.0,9.0,23.0;
409.0,9.0,23.0;
409.0,9.0,23.0;
408.0,10.0,23.0;
408.0,9.0,24.0;
408.0,9.0,24.0;
408.0,9.0,24.0;
408.0,9.0,24.0;
408.0,9.0,24.0;
408.0,9.0,24.0;
408.0,9.0,24.0;
408.0,9.0,24.0;
408.0,9.0,24.0;
408.0,9.0,24.0;
408.0,9.0,24.0;
408.0,9.0,24.0;
408.0,9.0,24.0;
408.0,9.0,24.0;
408.0,9.0,24.0;
408.0,8.0,25.0;
408.0,8.0,25.0;
408.0,8.0,25.0;
408.0,8.0,25.0;
408.0,8.0,25.0;
408.0,8.0,25.0;
407.0,9.0,25.0;
407.0,9.0,25.0;
407.0,9.0,25.0;
407.0,9.0,25.0;
407.0,8.0,26.0;
407.0,8.0,26.0;
407.0,8.0,26.0;
407.0,8.0,26.0;
407.0,8.0,26.0;
407.0,8.0,26.0;
407.0,8.0,26.0;
407.0,8.0,26.0;
407.0,8.0,26.0;
407.0,8.0,26.0;
407.0,8.0,26.0;
407.0,8.0,26.0;
407.0,8.0,26.0;
407.0,8.0,26.0;
407.0,8.0,26.0;
407.0,8.0,26.0;
407.0,8.0,26.0;
407.0,8.0,26.0;
407.0,8.0,26.0;
407.0,7.0,27.0;
407.0,7.0,27.0;
407.0,7.0,27.0;
407.0,7.0,27.0;
407.0,6.0,28.0;
407.0,6.0,28.0;
407.0,6.0,28.0;
407.0,6.0,28.0;
407.0,6.0,28.0;
407.0,6.0,28.0;
407.0,6.0,28.0;
407.0,6.0,28.0;
407.0,6.0,28.0;
407.0,6.0,28.0;
407.0,6.0,28.0;
407.0,6.0,28.0;
407.0,6.0,28.0;
407.0,6.0,28.0;
407.0,6.0,28.0;
407.0,6.0,28.0;
407.0,6.0,28.0;
407.0,6.0,28.0;
407.0,6.0,28.0;
