dynamics = [
999.0,1.0,0.0;
999.0,1.0,0.0;
999.0,1.0,0.0;
999.0,1.0,0.0;
999.0,1.0,0.0;
999.0,1.0,0.0;
999.0,1.0,0.0;
999.0,1.0,0.0;
999.0,1.0,0.0;
999.0,1.0,0.0;
999.0,1.0,0.0;
999.0,1.0,0.0;
999.0,1.0,0.0;
999.0,1.0,0.0;
999.0,1.0,0.0;
999.0,1.0,0.0;
999.0,1.0,0.0;
999.0,1.0,0.0;
999.0,1.0,0.0;
999.0,1.0,0.0;
999.0,1.0,0.0;
999.0,1.0,0.0;
999.0,1.0,0.0;
999.0,1.0,0.0;
999.0,1.0,0.0;
999.0,1.0,0.0;
999.0,1.0,0.0;
999.0,1.0,0.0;
999.0,1.0,0.0;
999.0,1.0,0.0;
999.0,1.0,0.0;
999.0,1.0,0.0;
999.0,1.0,0.0;
999.0,1.0,0.0;
999.0,1.0,0.0;
999.0,1.0,0.0;
999.0,1.0,0.0;
999.0,1.0,0.0;
999.0,1.0,0.0;
999.0,1.0,0.0;
999.0,1.0,0.0;
999.0,1.0,0.0;
998.0,2.0,0.0;
998.0,2.0,0.0;
997.0,3.0,0.0;
997.0,3.0,0.0;
997.0,3.0,0.0;
997.0,3.0,0.0;
997.0,3.0,0.0;
997.0,3.0,0.0;
997.0,3.0,0.0;
997.0,3.0,0.0;
997.0,3.0,0.0;
997.0,3.0,0.0;
996.0,4.0,0.0;
996.0,4.0,0.0;
996.0,4.0,0.0;
996.0,4.0,0.0;
995.0,5.0,0.0;
995.0,5.0,0.0;
995.0,5.0,0.0;
995.0,5.0,0.0;
995.0,5.0,0.0;
995.0,5.0,0.0;
995.0,5.0,0.0;
995.0,5.0,0.0;
995.0,5.0,0.0;
995.0,5.0,0.0;
995.0,5.0,0.0;
995.0,5.0,0.0;
994.0,6.0,0.0;
994.0,6.0,0.0;
994.0,6.0,0.0;
993.0,7.0,0.0;
992.0,8.0,0.0;
992.0,8.0,0.0;
992.0,7.0,1.0;
992.0,7.0,1.0;
992.0,7.0,1.0;
992.0,7.0,1.0;
992.0,7.0,1.0;
992.0,7.0,1.0;
992.0,7.0,1.0;
992.0,7.0,1.0;
992.0,7.0,1.0;
992.0,7.0,1.0;
992.0,7.0,1.0;
992.0,7.0,1.0;
992.0,7.0,1.0;
992.0,7.0,1.0;
992.0,7.0,1.0;
992.0,7.0,1.0;
992.0,7.0,1.0;
992.0,7.0,1.0;
992.0,7.0,1.0;
992.0,7.0,1.0;
992.0,7.0,1.0;
992.0,7.0,1.0;
992.0,7.0,1.0;
991.0,8.0,1.0;
990.0,9.0,1.0;
989.0,10.0,1.0;
989.0,10.0,1.0;
989.0,10.0,1.0;
989.0,10.0,1.0;
988.0,11.0,1.0;
988.0,11.0,1.0;
988.0,11.0,1.0;
988.0,11.0,1.0;
986.0,13.0,1.0;
986.0,13.0,1.0;
986.0,13.0,1.0;
986.0,13.0,1.0;
986.0,13.0,1.0;
986.0,13.0,1.0;
986.0,13.0,1.0;
986.0,13.0,1.0;
986.0,13.0,1.0;
986.0,13.0,1.0;
986.0,13.0,1.0;
986.0,13.0,1.0;
986.0,13.0,1.0;
986.0,13.0,1.0;
986.0,13.0,1.0;
986.0,13.0,1.0;
986.0,13.0,1.0;
986.0,13.0,1.0;
986.0,13.0,1.0;
986.0,13.0,1.0;
985.0,14.0,1.0;
985.0,14.0,1.0;
985.0,14.0,1.0;
985.0,14.0,1.0;
983.0,16.0,1.0;
982.0,17.0,1.0;
981.0,18.0,1.0;
981.0,18.0,1.0;
981.0,17.0,2.0;
981.0,17.0,2.0;
981.0,17.0,2.0;
981.0,17.0,2.0;
981.0,17.0,2.0;
981.0,16.0,3.0;
981.0,16.0,3.0;
981.0,16.0,3.0;
979.0,18.0,3.0;
979.0,18.0,3.0;
978.0,19.0,3.0;
978.0,19.0,3.0;
977.0,20.0,3.0;
977.0,20.0,3.0;
977.0,20.0,3.0;
977.0,20.0,3.0;
977.0,20.0,3.0;
977.0,19.0,4.0;
976.0,20.0,4.0;
976.0,20.0,4.0;
975.0,21.0,4.0;
974.0,22.0,4.0;
974.0,22.0,4.0;
974.0,22.0,4.0;
974.0,22.0,4.0;
973.0,23.0,4.0;
972.0,24.0,4.0;
972.0,24.0,4.0;
971.0,25.0,4.0;
971.0,25.0,4.0;
970.0,26.0,4.0;
969.0,27.0,4.0;
968.0,28.0,4.0;
968.0,28.0,4.0;
967.0,29.0,4.0;
966.0,30.0,4.0;
966.0,30.0,4.0;
965.0,31.0,4.0;
963.0,33.0,4.0;
962.0,34.0,4.0;
962.0,34.0,4.0;
962.0,34.0,4.0;
962.0,33.0,5.0;
961.0,34.0,5.0;
961.0,34.0,5.0;
961.0,34.0,5.0;
960.0,35.0,5.0;
959.0,36.0,5.0;
959.0,36.0,5.0;
957.0,38.0,5.0;
956.0,39.0,5.0;
955.0,40.0,5.0;
955.0,40.0,5.0;
955.0,40.0,5.0;
953.0,42.0,5.0;
952.0,43.0,5.0;
952.0,43.0,5.0;
952.0,43.0,5.0;
952.0,42.0,6.0;
949.0,45.0,6.0;
948.0,46.0,6.0;
948.0,46.0,6.0;
945.0,49.0,6.0;
944.0,50.0,6.0;
944.0,50.0,6.0;
944.0,50.0,6.0;
943.0,51.0,6.0;
943.0,50.0,7.0;
942.0,50.0,8.0;
940.0,52.0,8.0;
940.0,52.0,8.0;
940.0,51.0,9.0;
938.0,53.0,9.0;
938.0,51.0,11.0;
938.0,50.0,12.0;
937.0,51.0,12.0;
934.0,54.0,12.0;
932.0,56.0,12.0;
932.0,56.0,12.0;
932.0,56.0,12.0;
931.0,57.0,12.0;
930.0,58.0,12.0;
929.0,59.0,12.0;
927.0,61.0,12.0;
927.0,60.0,13.0;
927.0,60.0,13.0;
927.0,59.0,14.0;
926.0,57.0,17.0;
926.0,57.0,17.0;
926.0,57.0,17.0;
924.0,59.0,17.0;
923.0,59.0,18.0;
923.0,58.0,19.0;
920.0,61.0,19.0;
920.0,61.0,19.0;
919.0,62.0,19.0;
918.0,63.0,19.0;
917.0,64.0,19.0;
916.0,65.0,19.0;
914.0,63.0,23.0;
911.0,66.0,23.0;
911.0,66.0,23.0;
909.0,68.0,23.0;
908.0,69.0,23.0;
906.0,71.0,23.0;
903.0,74.0,23.0;
903.0,74.0,23.0;
902.0,75.0,23.0;
901.0,76.0,23.0;
900.0,75.0,25.0;
898.0,76.0,26.0;
898.0,76.0,26.0;
897.0,76.0,27.0;
897.0,76.0,27.0;
895.0,78.0,27.0;
893.0,80.0,27.0;
890.0,83.0,27.0;
888.0,82.0,30.0;
887.0,82.0,31.0;
885.0,84.0,31.0;
884.0,85.0,31.0;
883.0,84.0,33.0;
880.0,87.0,33.0;
877.0,90.0,33.0;
876.0,91.0,33.0;
873.0,94.0,33.0;
870.0,97.0,33.0;
869.0,97.0,34.0;
866.0,100.0,34.0;
864.0,101.0,35.0;
860.0,104.0,36.0;
859.0,105.0,36.0;
857.0,105.0,38.0;
854.0,108.0,38.0;
854.0,108.0,38.0;
854.0,107.0,39.0;
852.0,108.0,40.0;
851.0,108.0,41.0;
849.0,110.0,41.0;
847.0,112.0,41.0;
846.0,113.0,41.0;
846.0,113.0,41.0;
842.0,117.0,41.0;
840.0,118.0,42.0;
838.0,119.0,43.0;
837.0,120.0,43.0;
836.0,120.0,44.0;
830.0,125.0,45.0;
828.0,127.0,45.0;
827.0,127.0,46.0;
825.0,127.0,48.0;
822.0,130.0,48.0;
821.0,130.0,49.0;
818.0,132.0,50.0;
815.0,133.0,52.0;
812.0,136.0,52.0;
811.0,135.0,54.0;
810.0,136.0,54.0;
809.0,137.0,54.0;
809.0,137.0,54.0;
808.0,138.0,54.0;
807.0,139.0,54.0;
806.0,139.0,55.0;
804.0,140.0,56.0;
802.0,142.0,56.0;
799.0,144.0,57.0;
797.0,145.0,58.0;
796.0,146.0,58.0;
794.0,148.0,58.0;
789.0,151.0,60.0;
788.0,151.0,61.0;
784.0,153.0,63.0;
781.0,155.0,64.0;
779.0,157.0,64.0;
777.0,158.0,65.0;
777.0,158.0,65.0;
772.0,162.0,66.0;
771.0,163.0,66.0;
767.0,165.0,68.0;
762.0,170.0,68.0;
759.0,172.0,69.0;
756.0,175.0,69.0;
749.0,180.0,71.0;
745.0,184.0,71.0;
742.0,187.0,71.0;
741.0,186.0,73.0;
738.0,187.0,75.0;
738.0,186.0,76.0;
736.0,187.0,77.0;
736.0,185.0,79.0;
733.0,186.0,81.0;
729.0,189.0,82.0;
725.0,191.0,84.0;
723.0,192.0,85.0;
718.0,196.0,86.0;
714.0,199.0,87.0;
712.0,200.0,88.0;
708.0,200.0,92.0;
704.0,203.0,93.0;
703.0,201.0,96.0;
702.0,200.0,98.0;
698.0,202.0,100.0;
698.0,202.0,100.0;
695.0,204.0,101.0;
693.0,204.0,103.0;
692.0,203.0,105.0;
690.0,204.0,106.0;
685.0,205.0,110.0;
683.0,205.0,112.0;
679.0,208.0,113.0;
676.0,211.0,113.0;
671.0,214.0,115.0;
670.0,213.0,117.0;
669.0,213.0,118.0;
666.0,214.0,120.0;
660.0,218.0,122.0;
658.0,217.0,125.0;
653.0,220.0,127.0;
650.0,222.0,128.0;
648.0,221.0,131.0;
644.0,224.0,132.0;
639.0,227.0,134.0;
636.0,230.0,134.0;
631.0,235.0,134.0;
626.0,238.0,136.0;
621.0,243.0,136.0;
618.0,245.0,137.0;
617.0,245.0,138.0;
615.0,246.0,139.0;
614.0,244.0,142.0;
613.0,243.0,144.0;
610.0,244.0,146.0;
607.0,246.0,147.0;
603.0,247.0,150.0;
602.0,247.0,151.0;
598.0,250.0,152.0;
597.0,250.0,153.0;
597.0,250.0,153.0;
595.0,250.0,155.0;
593.0,250.0,157.0;
592.0,250.0,158.0;
589.0,252.0,159.0;
587.0,253.0,160.0;
587.0,251.0,162.0;
582.0,255.0,163.0;
578.0,257.0,165.0;
573.0,261.0,166.0;
567.0,266.0,167.0;
567.0,263.0,170.0;
564.0,266.0,170.0;
562.0,267.0,171.0;
556.0,268.0,176.0;
554.0,267.0,179.0;
551.0,270.0,179.0;
546.0,272.0,182.0;
545.0,269.0,186.0;
543.0,270.0,187.0;
540.0,270.0,190.0;
539.0,270.0,191.0;
536.0,272.0,192.0;
529.0,276.0,195.0;
523.0,280.0,197.0;
520.0,282.0,198.0;
516.0,286.0,198.0;
512.0,288.0,200.0;
510.0,285.0,205.0;
509.0,285.0,206.0;
508.0,285.0,207.0;
505.0,288.0,207.0;
504.0,288.0,208.0;
501.0,286.0,213.0;
498.0,287.0,215.0;
495.0,287.0,218.0;
494.0,286.0,220.0;
489.0,287.0,224.0;
487.0,288.0,225.0;
486.0,286.0,228.0;
484.0,286.0,230.0;
482.0,287.0,231.0;
481.0,286.0,233.0;
476.0,291.0,233.0;
475.0,291.0,234.0;
471.0,295.0,234.0;
471.0,290.0,239.0;
468.0,291.0,241.0;
465.0,290.0,245.0;
463.0,291.0,246.0;
462.0,291.0,247.0;
461.0,290.0,249.0;
458.0,290.0,252.0;
455.0,290.0,255.0;
452.0,293.0,255.0;
448.0,294.0,258.0;
447.0,294.0,259.0;
444.0,295.0,261.0;
441.0,296.0,263.0;
438.0,295.0,267.0;
434.0,298.0,268.0;
430.0,300.0,270.0;
428.0,296.0,276.0;
427.0,295.0,278.0;
427.0,292.0,281.0;
424.0,291.0,285.0;
419.0,293.0,288.0;
418.0,292.0,290.0;
414.0,293.0,293.0;
410.0,297.0,293.0;
410.0,294.0,296.0;
407.0,297.0,296.0;
404.0,300.0,296.0;
403.0,297.0,300.0;
400.0,299.0,301.0;
397.0,298.0,305.0;
397.0,296.0,307.0;
397.0,295.0,308.0;
396.0,293.0,311.0;
395.0,292.0,313.0;
392.0,295.0,313.0;
392.0,292.0,316.0;
389.0,294.0,317.0;
387.0,296.0,317.0;
386.0,295.0,319.0;
383.0,294.0,323.0;
381.0,294.0,325.0;
378.0,293.0,329.0;
374.0,296.0,330.0;
372.0,297.0,331.0;
372.0,293.0,335.0;
371.0,293.0,336.0;
371.0,292.0,337.0;
368.0,293.0,339.0;
