dynamics = [
9999.0,1.0,0.0;
9999.0,1.0,0.0;
9999.0,1.0,0.0;
9999.0,1.0,0.0;
9999.0,1.0,0.0;
9999.0,1.0,0.0;
9998.0,1.0,1.0;
9998.0,1.0,1.0;
9998.0,1.0,1.0;
9998.0,1.0,1.0;
9998.0,1.0,1.0;
9998.0,1.0,1.0;
9998.0,1.0,1.0;
9998.0,1.0,1.0;
9998.0,1.0,1.0;
9998.0,1.0,1.0;
9997.0,2.0,1.0;
9997.0,2.0,1.0;
9997.0,2.0,1.0;
9997.0,2.0,1.0;
9997.0,2.0,1.0;
9997.0,2.0,1.0;
9997.0,2.0,1.0;
9997.0,2.0,1.0;
9997.0,2.0,1.0;
9997.0,2.0,1.0;
9997.0,2.0,1.0;
9997.0,2.0,1.0;
9997.0,2.0,1.0;
9997.0,2.0,1.0;
9997.0,2.0,1.0;
9997.0,2.0,1.0;
9997.0,2.0,1.0;
9997.0,2.0,1.0;
9996.0,3.0,1.0;
9996.0,3.0,1.0;
9996.0,3.0,1.0;
9996.0,3.0,1.0;
9995.0,4.0,1.0;
9995.0,4.0,1.0;
9995.0,4.0,1.0;
9995.0,4.0,1.0;
9995.0,4.0,1.0;
9995.0,4.0,1.0;
9994.0,5.0,1.0;
9994.0,5.0,1.0;
9994.0,5.0,1.0;
9994.0,5.0,1.0;
9994.0,5.0,1.0;
9994.0,5.0,1.0;
9994.0,5.0,1.0;
9994.0,5.0,1.0;
9994.0,5.0,1.0;
9994.0,5.0,1.0;
9994.0,5.0,1.0;
9994.0,5.0,1.0;
9994.0,5.0,1.0;
9994.0,5.0,1.0;
9994.0,5.0,1.0;
9994.0,5.0,1.0;
9994.0,5.0,1.0;
9994.0,5.0,1.0;
9994.0,5.0,1.0;
9994.0,5.0,1.0;
9994.0,5.0,1.0;
9994.0,5.0,1.0;
9994.0,5.0,1.0;
9994.0,5.0,1.0;
9994.0,5.0,1.0;
9994.0,5.0,1.0;
9993.0,6.0,1.0;
9993.0,6.0,1.0;
9993.0,6.0,1.0;
9993.0,6.0,1.0;
9992.0,7.0,1.0;
9992.0,7.0,1.0;
9991.0,8.0,1.0;
9991.0,8.0,1.0;
9991.0,7.0,2.0;
9989.0,9.0,2.0;
9989.0,9.0,2.0;
9989.0,9.0,2.0;
9989.0,9.0,2.0;
9989.0,9.0,2.0;
9989.0,9.0,2.0;
9989.0,9.0,2.0;
9989.0,9.0,2.0;
9989.0,9.0,2.0;
9989.0,9.0,2.0;
9989.0,9.0,2.0;
9988.0,10.0,2.0;
9988.0,10.0,2.0;
9987.0,11.0,2.0;
9987.0,11.0,2.0;
9987.0,11.0,2.0;
9987.0,11.0,2.0;
9986.0,12.0,2.0;
9986.0,12.0,2.0;
9986.0,11.0,3.0;
9986.0,11.0,3.0;
9986.0,11.0,3.0;
9986.0,11.0,3.0;
9986.0,11.0,3.0;
9986.0,11.0,3.0;
9986.0,11.0,3.0;
9986.0,10.0,4.0;
9986.0,10.0,4.0;
9986.0,10.0,4.0;
9986.0,10.0,4.0;
9986.0,10.0,4.0;
9986.0,10.0,4.0;
9985.0,11.0,4.0;
9985.0,11.0,4.0;
9983.0,12.0,5.0;
9983.0,12.0,5.0;
9983.0,12.0,5.0;
9981.0,14.0,5.0;
9981.0,14.0,5.0;
9980.0,15.0,5.0;
9980.0,15.0,5.0;
9979.0,16.0,5.0;
9978.0,17.0,5.0;
9978.0,17.0,5.0;
9978.0,17.0,5.0;
9978.0,17.0,5.0;
9978.0,17.0,5.0;
9978.0,17.0,5.0;
9977.0,18.0,5.0;
9976.0,19.0,5.0;
9976.0,19.0,5.0;
9976.0,19.0,5.0;
9975.0,20.0,5.0;
9975.0,20.0,5.0;
9974.0,21.0,5.0;
9974.0,21.0,5.0;
9974.0,21.0,5.0;
9974.0,20.0,6.0;
9972.0,22.0,6.0;
9972.0,22.0,6.0;
9971.0,23.0,6.0;
9969.0,25.0,6.0;
9969.0,24.0,7.0;
9969.0,24.0,7.0;
9968.0,25.0,7.0;
9968.0,25.0,7.0;
9968.0,25.0,7.0;
9968.0,25.0,7.0;
9968.0,25.0,7.0;
9968.0,24.0,8.0;
9967.0,25.0,8.0;
9967.0,25.0,8.0;
9967.0,25.0,8.0;
9967.0,25.0,8.0;
9966.0,25.0,9.0;
9966.0,25.0,9.0;
9966.0,25.0,9.0;
9966.0,25.0,9.0;
9966.0,25.0,9.0;
9966.0,25.0,9.0;
9966.0,25.0,9.0;
9966.0,25.0,9.0;
9965.0,26.0,9.0;
9964.0,27.0,9.0;
9963.0,28.0,9.0;
9962.0,28.0,10.0;
9961.0,28.0,11.0;
9961.0,28.0,11.0;
9961.0,28.0,11.0;
9960.0,29.0,11.0;
9958.0,31.0,11.0;
9958.0,31.0,11.0;
9958.0,30.0,12.0;
9957.0,31.0,12.0;
9953.0,35.0,12.0;
9953.0,35.0,12.0;
9951.0,37.0,12.0;
9950.0,38.0,12.0;
9949.0,38.0,13.0;
9948.0,37.0,15.0;
9947.0,38.0,15.0;
9946.0,39.0,15.0;
9943.0,41.0,16.0;
9943.0,40.0,17.0;
9943.0,40.0,17.0;
9942.0,41.0,17.0;
9942.0,41.0,17.0;
9941.0,42.0,17.0;
9939.0,44.0,17.0;
9939.0,43.0,18.0;
9938.0,44.0,18.0;
9938.0,44.0,18.0;
9938.0,44.0,18.0;
9938.0,44.0,18.0;
9937.0,44.0,19.0;
9937.0,44.0,19.0;
9937.0,44.0,19.0;
9936.0,45.0,19.0;
9936.0,45.0,19.0;
9935.0,46.0,19.0;
9933.0,48.0,19.0;
9930.0,49.0,21.0;
9925.0,54.0,21.0;
9924.0,54.0,22.0;
9924.0,54.0,22.0;
9924.0,54.0,22.0;
9924.0,54.0,22.0;
9923.0,55.0,22.0;
9922.0,56.0,22.0;
9920.0,58.0,22.0;
9917.0,61.0,22.0;
9917.0,60.0,23.0;
9913.0,64.0,23.0;
9913.0,64.0,23.0;
9911.0,66.0,23.0;
9910.0,67.0,23.0;
9908.0,68.0,24.0;
9905.0,71.0,24.0;
9902.0,74.0,24.0;
9901.0,75.0,24.0;
9900.0,76.0,24.0;
9897.0,78.0,25.0;
9897.0,78.0,25.0;
9897.0,77.0,26.0;
9895.0,78.0,27.0;
9893.0,80.0,27.0;
9892.0,81.0,27.0;
9890.0,83.0,27.0;
9887.0,86.0,27.0;
9883.0,90.0,27.0;
9882.0,90.0,28.0;
9882.0,90.0,28.0;
9882.0,90.0,28.0;
9878.0,94.0,28.0;
9877.0,94.0,29.0;
9876.0,95.0,29.0;
9875.0,95.0,30.0;
9875.0,95.0,30.0;
9872.0,98.0,30.0;
9871.0,99.0,30.0;
9871.0,99.0,30.0;
9869.0,99.0,32.0;
9869.0,95.0,36.0;
9869.0,94.0,37.0;
9865.0,97.0,38.0;
9864.0,97.0,39.0;
9857.0,101.0,42.0;
9856.0,102.0,42.0;
9855.0,101.0,44.0;
9852.0,102.0,46.0;
9852.0,101.0,47.0;
9850.0,103.0,47.0;
9847.0,106.0,47.0;
9845.0,108.0,47.0;
9844.0,109.0,47.0;
9843.0,109.0,48.0;
9843.0,109.0,48.0;
9842.0,109.0,49.0;
9839.0,111.0,50.0;
9836.0,113.0,51.0;
9835.0,114.0,51.0;
9834.0,115.0,51.0;
9830.0,118.0,52.0;
9829.0,119.0,52.0;
9828.0,119.0,53.0;
9826.0,120.0,54.0;
9823.0,123.0,54.0;
9823.0,122.0,55.0;
9822.0,123.0,55.0;
9820.0,124.0,56.0;
9819.0,125.0,56.0;
9816.0,128.0,56.0;
9813.0,131.0,56.0;
9810.0,132.0,58.0;
9808.0,134.0,58.0;
9807.0,134.0,59.0;
9803.0,136.0,61.0;
9801.0,138.0,61.0;
9801.0,136.0,63.0;
9798.0,138.0,64.0;
9796.0,139.0,65.0;
9793.0,142.0,65.0;
9791.0,144.0,65.0;
9790.0,144.0,66.0;
9788.0,144.0,68.0;
9786.0,146.0,68.0;
9785.0,147.0,68.0;
9784.0,146.0,70.0;
9783.0,147.0,70.0;
9780.0,149.0,71.0;
9778.0,148.0,74.0;
9772.0,154.0,74.0;
9769.0,154.0,77.0;
9767.0,154.0,79.0;
9763.0,158.0,79.0;
9760.0,161.0,79.0;
9756.0,165.0,79.0;
9753.0,168.0,79.0;
9749.0,172.0,79.0;
9748.0,173.0,79.0;
9743.0,178.0,79.0;
9742.0,178.0,80.0;
9736.0,183.0,81.0;
9735.0,184.0,81.0;
9731.0,186.0,83.0;
9729.0,187.0,84.0;
9725.0,189.0,86.0;
9720.0,193.0,87.0;
9718.0,192.0,90.0;
9718.0,192.0,90.0;
9712.0,197.0,91.0;
9708.0,200.0,92.0;
9706.0,200.0,94.0;
9700.0,204.0,96.0;
9697.0,205.0,98.0;
9693.0,208.0,99.0;
9691.0,209.0,100.0;
9685.0,212.0,103.0;
9682.0,212.0,106.0;
9678.0,215.0,107.0;
9676.0,215.0,109.0;
9675.0,215.0,110.0;
9674.0,215.0,111.0;
9670.0,219.0,111.0;
9667.0,218.0,115.0;
9664.0,218.0,118.0;
9660.0,222.0,118.0;
9656.0,224.0,120.0;
9650.0,228.0,122.0;
9646.0,231.0,123.0;
9641.0,233.0,126.0;
9638.0,234.0,128.0;
9635.0,236.0,129.0;
9630.0,240.0,130.0;
9621.0,248.0,131.0;
9618.0,250.0,132.0;
9618.0,249.0,133.0;
9612.0,255.0,133.0;
9612.0,252.0,136.0;
9606.0,257.0,137.0;
9602.0,260.0,138.0;
9599.0,262.0,139.0;
9597.0,262.0,141.0;
9589.0,268.0,143.0;
9582.0,274.0,144.0;
9575.0,279.0,146.0;
9570.0,284.0,146.0;
9560.0,292.0,148.0;
9554.0,295.0,151.0;
9545.0,300.0,155.0;
9539.0,303.0,158.0;
9528.0,314.0,158.0;
9523.0,316.0,161.0;
9518.0,318.0,164.0;
9510.0,325.0,165.0;
9507.0,328.0,165.0;
9503.0,332.0,165.0;
9493.0,339.0,168.0;
9484.0,346.0,170.0;
9475.0,354.0,171.0;
9468.0,355.0,177.0;
9463.0,359.0,178.0;
9461.0,359.0,180.0;
9453.0,363.0,184.0;
9443.0,372.0,185.0;
9435.0,376.0,189.0;
9432.0,377.0,191.0;
9427.0,380.0,193.0;
9421.0,383.0,196.0;
9415.0,386.0,199.0;
9404.0,394.0,202.0;
9395.0,402.0,203.0;
9388.0,406.0,206.0;
9380.0,409.0,211.0;
9372.0,417.0,211.0;
9363.0,422.0,215.0;
9361.0,419.0,220.0;
9354.0,423.0,223.0;
9338.0,435.0,227.0;
9334.0,438.0,228.0;
9331.0,439.0,230.0;
9319.0,449.0,232.0;
9310.0,455.0,235.0;
9305.0,457.0,238.0;
9295.0,463.0,242.0;
9287.0,466.0,247.0;
9283.0,468.0,249.0;
9266.0,482.0,252.0;
9262.0,485.0,253.0;
9254.0,490.0,256.0;
9247.0,495.0,258.0;
9234.0,503.0,263.0;
9222.0,515.0,263.0;
9215.0,519.0,266.0;
9206.0,524.0,270.0;
9198.0,528.0,274.0;
9189.0,534.0,277.0;
9176.0,543.0,281.0;
9170.0,547.0,283.0;
9164.0,547.0,289.0;
9154.0,550.0,296.0;
9150.0,553.0,297.0;
9139.0,561.0,300.0;
9132.0,566.0,302.0;
9119.0,576.0,305.0;
9110.0,581.0,309.0;
9098.0,590.0,312.0;
9084.0,601.0,315.0;
9072.0,608.0,320.0;
9061.0,617.0,322.0;
9050.0,627.0,323.0;
9040.0,632.0,328.0;
9031.0,637.0,332.0;
9018.0,642.0,340.0;
9001.0,655.0,344.0;
8986.0,661.0,353.0;
8976.0,662.0,362.0;
8965.0,672.0,363.0;
8950.0,682.0,368.0;
8940.0,688.0,372.0;
8930.0,690.0,380.0;
8923.0,689.0,388.0;
8906.0,700.0,394.0;
8898.0,704.0,398.0;
8883.0,711.0,406.0;
8873.0,718.0,409.0;
8858.0,728.0,414.0;
8842.0,742.0,416.0;
8831.0,748.0,421.0;
8816.0,758.0,426.0;
8806.0,766.0,428.0;
8790.0,774.0,436.0;
8774.0,786.0,440.0;
8768.0,785.0,447.0;
8757.0,791.0,452.0;
8740.0,807.0,453.0;
8721.0,822.0,457.0;
8708.0,831.0,461.0;
8694.0,844.0,462.0;
8685.0,845.0,470.0;
8671.0,853.0,476.0;
