maxInf = [
38.49,38.0;
0.0,1.0;
27.53,41.0;
19.68,53.0;
34.05,39.0;
36.03,46.0;
10.03,3.0;
26.57,43.0;
0.0,1.0;
39.53,43.0;
22.31,49.0;
0.0,1.0;
24.31,35.0;
32.87,33.0;
36.57,41.0;
4.1,3.0;
24.76,47.0;
24.62,47.0;
30.29,35.0;
23.73,43.0;
28.98,48.0;
22.08,44.0;
21.12,42.0;
22.44,49.0;
32.28,59.0;
0.0,1.0;
34.66,35.0;
33.09,54.0;
27.9,37.0;
38.0,40.0;
31.57,55.0;
36.22,41.0;
0.0,1.0;
41.67,51.0;
0.0,1.0;
56.15,40.0;
48.21,47.0;
22.39,55.0;
28.33,42.0;
39.25,45.0;
26.08,44.0;
18.06,33.0;
28.1,33.0;
5.32,3.0;
0.0,1.0;
44.2,50.0;
0.0,1.0;
25.87,26.0;
64.57,27.0;
28.8,40.0;
31.85,51.0;
0.0,1.0;
0.0,1.0;
24.36,47.0;
30.12,38.0;
29.32,50.0;
30.93,38.0;
0.0,1.0;
18.92,38.0;
28.67,52.0;
21.54,47.0;
0.0,1.0;
30.83,43.0;
26.16,37.0;
43.65,36.0;
40.04,32.0;
28.39,44.0;
0.35,2.0;
7.06,2.0;
40.22,42.0;
45.13,31.0;
53.87,39.0;
49.26,32.0;
46.52,42.0;
36.38,53.0;
0.0,1.0;
35.34,39.0;
43.34,41.0;
43.43,39.0;
0.0,1.0;
22.96,45.0;
23.23,53.0;
0.0,1.0;
44.36,38.0;
0.0,1.0;
20.27,37.0;
35.89,41.0;
0.0,1.0;
32.67,41.0;
8.08,5.0;
37.29,35.0;
29.07,43.0;
20.28,54.0;
0.0,1.0;
10.19,2.0;
42.83,44.0;
30.88,48.0;
27.77,32.0;
13.97,41.0;
1.65,2.0;
44.27,37.0;
34.27,35.0;
32.32,42.0;
25.91,38.0;
32.01,38.0;
0.0,1.0;
0.0,1.0;
0.0,1.0;
41.43,40.0;
27.75,34.0;
27.71,45.0;
54.03,32.0;
0.0,1.0;
0.0,1.0;
0.0,1.0;
41.09,44.0;
33.58,53.0;
0.0,1.0;
43.72,41.0;
39.9,49.0;
23.96,31.0;
24.03,46.0;
29.19,42.0;
65.02,31.0;
22.56,45.0;
0.0,1.0;
30.59,41.0;
21.21,50.0;
19.65,54.0;
0.0,1.0;
29.36,43.0;
28.67,36.0;
37.76,47.0;
0.0,1.0;
39.76,48.0;
30.14,42.0;
31.31,42.0;
44.82,40.0;
0.0,1.0;
37.91,44.0;
45.22,40.0;
43.01,38.0;
43.04,49.0;
33.57,51.0;
34.1,45.0;
31.92,49.0;
41.73,32.0;
0.0,1.0;
0.0,1.0;
25.93,56.0;
27.65,36.0;
27.95,35.0;
23.71,44.0;
0.0,1.0;
37.07,48.0;
15.41,6.0;
23.81,48.0;
34.61,36.0;
30.51,55.0;
0.0,1.0;
30.56,45.0;
25.49,36.0;
41.61,41.0;
4.53,3.0;
34.52,40.0;
24.43,32.0;
0.0,1.0;
0.59,2.0;
46.75,42.0;
0.0,1.0;
30.33,41.0;
33.86,45.0;
47.98,31.0;
27.93,42.0;
49.19,49.0;
30.89,36.0;
0.0,1.0;
30.66,44.0;
53.88,26.0;
44.1,33.0;
33.73,40.0;
3.59,3.0;
0.0,1.0;
42.47,41.0;
0.0,1.0;
30.43,51.0;
26.9,43.0;
28.76,42.0;
30.96,39.0;
31.12,34.0;
9.18,3.0;
3.06,2.0;
26.78,42.0;
0.0,1.0;
27.75,48.0;
51.66,38.0;
0.0,1.0;
33.67,39.0;
32.19,49.0;
51.11,29.0;
0.0,1.0;
23.89,41.0;
37.38,43.0;
2.56,3.0;
38.76,47.0;
46.36,56.0;
31.19,38.0;
40.75,45.0;
20.49,39.0;
38.35,33.0;
4.2,2.0;
0.0,1.0;
25.78,46.0;
0.0,1.0;
0.0,1.0;
33.45,48.0;
44.22,44.0;
21.06,41.0;
31.45,56.0;
1.94,2.0;
21.98,40.0;
0.0,1.0;
34.85,43.0;
18.89,31.0;
24.2,55.0;
32.9,46.0;
39.42,32.0;
39.6,41.0;
19.69,48.0;
0.0,1.0;
27.27,48.0;
43.12,44.0;
0.0,1.0;
40.97,40.0;
27.58,46.0;
35.7,39.0;
23.42,38.0;
36.97,40.0;
36.36,33.0;
30.96,15.0;
0.0,1.0;
0.0,1.0;
56.95,28.0;
21.81,39.0;
27.65,44.0;
31.02,42.0;
0.0,1.0;
48.48,41.0;
0.0,1.0;
26.54,57.0;
4.74,2.0;
21.85,50.0;
5.01,3.0;
30.11,41.0;
0.0,1.0;
30.84,50.0;
0.0,1.0;
25.74,39.0;
0.0,1.0;
31.44,47.0;
0.0,1.0;
1.17,2.0;
51.49,40.0;
26.42,44.0;
26.25,37.0;
26.89,45.0;
36.59,30.0;
35.16,44.0;
42.0,41.0;
24.86,58.0;
33.54,45.0;
39.36,38.0;
30.81,25.0;
34.01,46.0;
41.1,44.0;
38.64,46.0;
0.0,1.0;
0.0,1.0;
34.4,47.0;
29.62,46.0;
32.16,39.0;
55.39,39.0;
30.09,44.0;
19.2,37.0;
19.33,38.0;
22.6,50.0;
26.57,38.0;
23.64,47.0;
0.0,1.0;
34.64,37.0;
30.24,40.0;
36.86,39.0;
33.79,54.0;
29.8,38.0;
32.72,61.0;
34.48,42.0;
40.22,53.0;
0.0,1.0;
0.78,2.0;
37.72,49.0;
32.42,46.0;
0.0,1.0;
44.95,21.0;
48.58,32.0;
60.48,42.0;
32.61,44.0;
0.0,1.0;
43.79,37.0;
21.22,57.0;
0.0,1.0;
17.77,50.0;
36.01,47.0;
34.94,45.0;
7.41,2.0;
25.48,51.0;
26.76,42.0;
0.0,1.0;
30.26,46.0;
28.91,49.0;
36.7,49.0;
30.16,47.0;
0.0,1.0;
41.68,33.0;
35.11,38.0;
23.54,35.0;
32.31,44.0;
42.12,35.0;
25.99,47.0;
37.19,39.0;
46.87,40.0;
17.84,45.0;
36.89,47.0;
0.0,1.0;
67.33,32.0;
11.76,5.0;
0.0,1.0;
34.61,50.0;
29.96,48.0;
34.15,40.0;
39.32,36.0;
20.04,54.0;
29.35,48.0;
3.17,2.0;
34.58,46.0;
27.78,44.0;
0.05,2.0;
26.62,46.0;
31.23,41.0;
22.75,55.0;
0.0,1.0;
0.0,1.0;
47.44,27.0;
0.0,1.0;
41.78,40.0;
40.15,42.0;
28.23,58.0;
20.35,45.0;
25.84,40.0;
23.06,54.0;
0.0,1.0;
40.07,44.0;
37.6,40.0;
33.62,39.0;
27.45,49.0;
0.0,1.0;
31.64,37.0;
30.41,32.0;
23.09,41.0;
54.49,34.0;
27.16,47.0;
36.34,40.0;
31.48,44.0;
0.0,1.0;
35.47,42.0;
41.25,44.0;
0.0,1.0;
0.0,1.0;
0.0,1.0;
19.8,30.0;
31.77,33.0;
33.12,36.0;
27.46,38.0;
41.83,29.0;
37.48,38.0;
37.84,47.0;
32.06,53.0;
20.82,42.0;
33.83,41.0;
45.07,23.0;
0.0,1.0;
0.0,1.0;
26.16,45.0;
33.47,45.0;
0.0,1.0;
20.66,34.0;
0.0,1.0;
46.43,43.0;
30.41,43.0;
0.0,1.0;
0.0,1.0;
24.43,50.0;
3.49,3.0;
42.76,49.0;
34.86,46.0;
43.08,39.0;
22.51,55.0;
2.34,2.0;
35.58,40.0;
35.2,36.0;
35.57,41.0;
27.42,41.0;
0.0,1.0;
23.62,42.0;
0.0,1.0;
40.44,46.0;
30.75,35.0;
5.27,3.0;
40.18,49.0;
24.02,30.0;
0.0,1.0;
44.43,46.0;
0.0,1.0;
38.13,27.0;
27.92,44.0;
28.25,38.0;
17.38,40.0;
26.73,41.0;
43.84,42.0;
22.04,34.0;
35.05,42.0;
23.4,48.0;
29.81,49.0;
0.0,1.0;
29.89,37.0;
28.6,47.0;
0.0,1.0;
0.0,1.0;
26.37,50.0;
31.97,45.0;
20.43,39.0;
47.88,39.0;
0.0,1.0;
29.24,38.0;
0.0,1.0;
19.01,63.0;
0.0,1.0;
0.0,1.0;
23.35,24.0;
0.0,1.0;
30.24,56.0;
0.0,1.0;
22.16,54.0;
87.23,40.0;
32.16,44.0;
0.0,1.0;
39.76,33.0;
29.49,55.0;
24.95,37.0;
37.56,53.0;
1.14,2.0;
28.24,56.0;
34.6,43.0;
27.68,26.0;
25.18,43.0;
27.91,51.0;
30.14,48.0;
31.75,39.0;
28.47,44.0;
38.17,36.0;
36.01,47.0;
28.92,48.0;
40.4,40.0;
31.07,47.0;
38.17,42.0;
46.78,39.0;
0.0,1.0;
0.0,1.0;
36.93,40.0;
0.0,1.0;
23.62,44.0;
27.94,49.0;
43.5,29.0;
0.0,1.0;
29.53,32.0;
33.94,37.0;
25.53,36.0;
27.11,34.0;
0.0,1.0;
27.35,48.0;
42.56,38.0;
32.62,45.0;
30.24,43.0;
0.71,2.0;
0.0,1.0;
0.0,1.0;
32.87,40.0;
0.0,1.0;
0.0,1.0;
32.72,51.0;
39.7,43.0;
17.64,53.0;
0.22,2.0;
24.55,36.0;
87.52,31.0;
0.0,1.0;
40.22,41.0;
55.04,31.0;
0.77,3.0;
25.87,52.0;
47.56,26.0;
29.52,47.0;
30.19,31.0;
59.09,44.0;
37.35,42.0;
49.87,35.0;
26.6,51.0;
0.0,1.0;
34.0,33.0;
39.4,31.0;
13.03,2.0;
1.63,2.0;
6.37,2.0;
28.47,38.0;
36.75,41.0;
10.7,2.0;
35.71,38.0;
0.0,1.0;
40.62,38.0;
0.0,1.0;
32.35,29.0;
36.62,44.0;
43.08,41.0;
47.17,36.0;
45.79,33.0;
34.46,43.0;
38.11,33.0;
29.43,37.0;
30.1,48.0;
30.63,55.0;
30.05,40.0;
24.48,58.0;
31.82,40.0;
36.1,41.0;
0.0,1.0;
1.44,2.0;
51.95,46.0;
0.0,1.0;
58.08,30.0;
42.47,44.0;
0.0,1.0;
29.16,43.0;
42.1,30.0;
1.74,2.0;
33.44,46.0;
27.45,40.0;
0.0,1.0;
24.27,37.0;
25.16,42.0;
30.98,48.0;
25.32,45.0;
30.24,52.0;
33.93,52.0;
4.12,3.0;
31.35,32.0;
1.25,2.0;
0.0,1.0;
35.93,36.0;
38.23,43.0;
32.61,35.0;
0.89,2.0;
0.0,1.0;
31.65,37.0;
22.86,44.0;
39.84,46.0;
50.45,38.0;
31.49,51.0;
40.35,28.0;
0.0,1.0;
27.16,40.0;
33.98,39.0;
27.12,55.0;
36.86,45.0;
0.0,1.0;
44.49,38.0;
30.81,47.0;
38.16,41.0;
0.0,1.0;
32.42,47.0;
0.0,1.0;
38.98,35.0;
37.68,46.0;
0.0,1.0;
38.99,45.0;
35.01,23.0;
42.26,38.0;
0.0,1.0;
3.15,2.0;
31.1,41.0;
34.75,42.0;
0.0,1.0;
0.0,1.0;
25.62,47.0;
0.0,1.0;
0.0,1.0;
0.0,1.0;
31.36,51.0;
43.9,51.0;
21.87,32.0;
0.0,1.0;
0.0,1.0;
42.54,39.0;
26.43,50.0;
41.2,35.0;
0.0,1.0;
43.45,40.0;
0.0,1.0;
0.0,1.0;
25.01,23.0;
0.0,1.0;
0.0,1.0;
36.88,38.0;
33.56,40.0;
0.0,1.0;
0.0,1.0;
0.0,1.0;
4.53,2.0;
29.38,34.0;
36.34,48.0;
70.62,22.0;
24.65,47.0;
0.0,1.0;
58.44,39.0;
7.45,2.0;
0.0,1.0;
26.22,61.0;
0.0,1.0;
0.0,1.0;
1.7,2.0;
18.72,45.0;
33.73,49.0;
0.0,1.0;
27.9,49.0;
26.85,47.0;
44.96,40.0;
62.78,42.0;
32.7,54.0;
30.75,43.0;
40.72,41.0;
0.0,1.0;
20.08,39.0;
39.82,46.0;
0.0,1.0;
30.33,51.0;
27.1,34.0;
20.41,43.0;
28.53,50.0;
40.87,37.0;
33.49,33.0;
41.07,43.0;
66.16,27.0;
28.06,40.0;
32.98,35.0;
26.58,33.0;
0.0,1.0;
39.82,39.0;
49.36,42.0;
33.94,37.0;
50.36,40.0;
34.57,37.0;
0.0,1.0;
0.0,1.0;
29.73,48.0;
29.44,52.0;
31.85,52.0;
4.54,4.0;
39.29,46.0;
44.05,30.0;
36.07,35.0;
42.96,35.0;
0.0,1.0;
48.45,46.0;
38.42,46.0;
37.09,36.0;
0.0,1.0;
26.97,49.0;
0.0,1.0;
40.17,50.0;
0.0,1.0;
0.16,2.0;
38.93,43.0;
41.58,28.0;
0.0,1.0;
37.54,42.0;
54.12,41.0;
40.68,45.0;
27.54,54.0;
24.28,46.0;
0.0,1.0;
22.83,53.0;
21.46,48.0;
43.44,39.0;
32.09,44.0;
0.0,1.0;
38.41,45.0;
25.54,35.0;
23.72,46.0;
41.85,54.0;
0.0,1.0;
35.63,56.0;
19.83,43.0;
0.0,1.0;
31.8,43.0;
25.76,39.0;
26.97,51.0;
29.14,20.0;
