dynamics = [
0.00,999.000,1.000,0.000;
0.20,999.000,1.000,0.000;
0.40,999.000,1.000,0.000;
0.60,999.000,1.000,0.000;
0.80,999.000,1.000,0.000;
1.00,999.000,1.000,0.000;
1.20,999.000,1.000,0.000;
1.40,999.000,1.000,0.000;
1.60,999.000,1.000,0.000;
1.80,999.000,1.000,0.000;
2.00,999.000,1.000,0.000;
2.20,999.000,1.000,0.000;
2.40,999.000,1.000,0.000;
2.60,999.000,1.000,0.000;
2.80,999.000,1.000,0.000;
3.00,999.000,1.000,0.000;
3.20,999.000,1.000,0.000;
3.40,999.000,1.000,0.000;
3.60,999.000,1.000,0.000;
3.80,999.000,1.000,0.000;
4.00,999.000,1.000,0.000;
4.20,998.000,2.000,0.000;
4.40,998.000,2.000,0.000;
4.60,998.000,2.000,0.000;
4.80,998.000,2.000,0.000;
5.00,998.000,2.000,0.000;
5.20,998.000,2.000,0.000;
5.40,998.000,2.000,0.000;
5.60,998.000,2.000,0.000;
5.80,998.000,2.000,0.000;
6.00,998.000,2.000,0.000;
6.20,997.000,3.000,0.000;
6.40,996.000,4.000,0.000;
6.60,995.000,5.000,0.000;
6.80,995.000,5.000,0.000;
7.00,995.000,5.000,0.000;
7.20,995.000,5.000,0.000;
7.40,995.000,5.000,0.000;
7.60,995.000,5.000,0.000;
7.80,995.000,5.000,0.000;
8.00,995.000,5.000,0.000;
8.20,995.000,5.000,0.000;
8.40,995.000,5.000,0.000;
8.60,995.000,5.000,0.000;
8.80,995.000,5.000,0.000;
9.00,995.000,5.000,0.000;
9.20,995.000,5.000,0.000;
9.40,995.000,5.000,0.000;
9.60,994.000,6.000,0.000;
9.80,994.000,6.000,0.000;
10.00,993.000,7.000,0.000;
10.20,993.000,7.000,0.000;
10.40,992.000,8.000,0.000;
10.60,992.000,8.000,0.000;
10.80,992.000,8.000,0.000;
11.00,991.000,9.000,0.000;
11.20,991.000,9.000,0.000;
11.40,991.000,9.000,0.000;
11.60,991.000,8.000,1.000;
11.80,991.000,8.000,1.000;
12.00,991.000,8.000,1.000;
12.20,990.000,9.000,1.000;
12.40,989.000,10.000,1.000;
12.60,989.000,10.000,1.000;
12.80,989.000,9.000,2.000;
13.00,989.000,9.000,2.000;
13.20,989.000,9.000,2.000;
13.40,988.000,10.000,2.000;
13.60,988.000,9.000,3.000;
13.80,988.000,9.000,3.000;
14.00,988.000,9.000,3.000;
14.20,988.000,8.000,4.000;
14.40,988.000,8.000,4.000;
14.60,988.000,8.000,4.000;
14.80,988.000,8.000,4.000;
15.00,986.000,9.000,5.000;
15.20,985.000,10.000,5.000;
15.40,985.000,10.000,5.000;
15.60,985.000,9.000,6.000;
15.80,985.000,9.000,6.000;
16.00,984.000,10.000,6.000;
16.20,984.000,10.000,6.000;
16.40,984.000,10.000,6.000;
16.60,984.000,10.000,6.000;
16.80,984.000,10.000,6.000;
17.00,984.000,10.000,6.000;
17.20,984.000,10.000,6.000;
17.40,984.000,10.000,6.000;
17.60,984.000,10.000,6.000;
17.80,984.000,9.000,7.000;
18.00,983.000,10.000,7.000;
18.20,983.000,10.000,7.000;
18.40,983.000,10.000,7.000;
18.60,983.000,9.000,8.000;
18.80,983.000,9.000,8.000;
19.00,983.000,9.000,8.000;
19.20,983.000,9.000,8.000;
19.40,983.000,9.000,8.000;
19.60,983.000,9.000,8.000;
19.80,983.000,8.000,9.000;
20.00,983.000,8.000,9.000;
20.20,981.000,10.000,9.000;
20.40,980.000,11.000,9.000;
20.60,980.000,11.000,9.000;
20.80,979.000,12.000,9.000;
21.00,979.000,12.000,9.000;
21.20,979.000,12.000,9.000;
21.40,979.000,11.000,10.000;
21.60,979.000,11.000,10.000;
21.80,979.000,11.000,10.000;
22.00,979.000,11.000,10.000;
22.20,979.000,11.000,10.000;
22.40,979.000,11.000,10.000;
22.60,979.000,11.000,10.000;
22.80,979.000,11.000,10.000;
23.00,979.000,11.000,10.000;
23.20,979.000,11.000,10.000;
23.40,978.000,12.000,10.000;
23.60,978.000,12.000,10.000;
23.80,977.000,13.000,10.000;
24.00,977.000,13.000,10.000;
24.20,976.000,13.000,11.000;
24.40,976.000,13.000,11.000;
24.60,976.000,13.000,11.000;
24.80,975.000,14.000,11.000;
25.00,975.000,14.000,11.000;
25.20,974.000,15.000,11.000;
25.40,974.000,15.000,11.000;
25.60,974.000,14.000,12.000;
25.80,974.000,14.000,12.000;
26.00,974.000,14.000,12.000;
26.20,974.000,14.000,12.000;
26.40,974.000,14.000,12.000;
26.60,972.000,16.000,12.000;
26.80,970.000,18.000,12.000;
27.00,969.000,19.000,12.000;
27.20,968.000,20.000,12.000;
27.40,966.000,21.000,13.000;
27.60,963.000,24.000,13.000;
27.80,962.000,25.000,13.000;
28.00,962.000,23.000,15.000;
28.20,961.000,24.000,15.000;
28.40,960.000,25.000,15.000;
28.60,959.000,26.000,15.000;
28.80,959.000,26.000,15.000;
29.00,959.000,25.000,16.000;
29.20,958.000,26.000,16.000;
29.40,958.000,26.000,16.000;
29.60,958.000,25.000,17.000;
29.80,958.000,25.000,17.000;
30.00,958.000,25.000,17.000;
30.20,958.000,24.000,18.000;
30.40,956.000,26.000,18.000;
30.60,955.000,27.000,18.000;
30.80,953.000,29.000,18.000;
31.00,953.000,29.000,18.000;
31.20,952.000,30.000,18.000;
31.40,952.000,29.000,19.000;
31.60,951.000,30.000,19.000;
31.80,951.000,30.000,19.000;
32.00,950.000,31.000,19.000;
32.20,950.000,31.000,19.000;
32.40,950.000,31.000,19.000;
32.60,947.000,34.000,19.000;
32.80,946.000,35.000,19.000;
33.00,945.000,36.000,19.000;
33.20,944.000,36.000,20.000;
33.40,943.000,37.000,20.000;
33.60,942.000,38.000,20.000;
33.80,941.000,36.000,23.000;
34.00,941.000,35.000,24.000;
34.20,940.000,36.000,24.000;
34.40,936.000,38.000,26.000;
34.60,936.000,37.000,27.000;
34.80,936.000,37.000,27.000;
35.00,932.000,40.000,28.000;
35.20,931.000,41.000,28.000;
35.40,931.000,40.000,29.000;
35.60,929.000,40.000,31.000;
35.80,928.000,41.000,31.000;
36.00,926.000,43.000,31.000;
36.20,923.000,46.000,31.000;
36.40,921.000,48.000,31.000;
36.60,918.000,51.000,31.000;
36.80,917.000,52.000,31.000;
37.00,915.000,52.000,33.000;
37.20,910.000,56.000,34.000;
37.40,908.000,57.000,35.000;
37.60,907.000,57.000,36.000;
37.80,903.000,61.000,36.000;
38.00,901.000,62.000,37.000;
38.20,898.000,65.000,37.000;
38.40,894.000,69.000,37.000;
38.60,894.000,68.000,38.000;
38.80,891.000,71.000,38.000;
39.00,889.000,72.000,39.000;
39.20,888.000,70.000,42.000;
39.40,888.000,70.000,42.000;
39.60,884.000,72.000,44.000;
39.80,882.000,73.000,45.000;
40.00,882.000,72.000,46.000;
40.20,882.000,72.000,46.000;
40.40,880.000,73.000,47.000;
40.60,880.000,73.000,47.000;
40.80,878.000,74.000,48.000;
41.00,876.000,76.000,48.000;
41.20,876.000,74.000,50.000;
41.40,876.000,74.000,50.000;
41.60,872.000,78.000,50.000;
41.80,870.000,79.000,51.000;
42.00,864.000,84.000,52.000;
42.20,864.000,84.000,52.000;
42.40,862.000,84.000,54.000;
42.60,860.000,82.000,58.000;
42.80,856.000,85.000,59.000;
43.00,852.000,88.000,60.000;
43.20,850.000,89.000,61.000;
43.40,844.000,92.000,64.000;
43.60,842.000,93.000,65.000;
43.80,836.000,99.000,65.000;
44.00,834.000,99.000,67.000;
44.20,831.000,101.000,68.000;
44.40,829.000,101.000,70.000;
44.60,827.000,103.000,70.000;
44.80,824.000,104.000,72.000;
45.00,820.000,106.000,74.000;
45.20,818.000,107.000,75.000;
45.40,817.000,107.000,76.000;
45.60,814.000,110.000,76.000;
45.80,813.000,111.000,76.000;
46.00,811.000,112.000,77.000;
46.20,806.000,116.000,78.000;
46.40,804.000,117.000,79.000;
46.60,801.000,118.000,81.000;
46.80,799.000,117.000,84.000;
47.00,797.000,118.000,85.000;
47.20,795.000,117.000,88.000;
47.40,793.000,119.000,88.000;
47.60,789.000,122.000,89.000;
47.80,785.000,126.000,89.000;
48.00,783.000,128.000,89.000;
48.20,779.000,130.000,91.000;
48.40,778.000,131.000,91.000;
48.60,772.000,134.000,94.000;
48.80,770.000,132.000,98.000;
49.00,768.000,134.000,98.000;
49.20,766.000,135.000,99.000;
49.40,761.000,139.000,100.000;
49.60,758.000,139.000,103.000;
49.80,756.000,140.000,104.000;
50.00,751.000,144.000,105.000;
50.20,745.000,149.000,106.000;
50.40,742.000,151.000,107.000;
50.60,738.000,154.000,108.000;
50.80,735.000,154.000,111.000;
51.00,732.000,155.000,113.000;
51.20,727.000,158.000,115.000;
51.40,723.000,161.000,116.000;
51.60,720.000,159.000,121.000;
51.80,717.000,159.000,124.000;
52.00,711.000,164.000,125.000;
52.20,709.000,164.000,127.000;
52.40,706.000,163.000,131.000;
52.60,704.000,165.000,131.000;
52.80,700.000,168.000,132.000;
53.00,696.000,171.000,133.000;
53.20,690.000,173.000,137.000;
53.40,689.000,172.000,139.000;
53.60,684.000,176.000,140.000;
53.80,680.000,179.000,141.000;
54.00,677.000,180.000,143.000;
54.20,675.000,180.000,145.000;
54.40,669.000,183.000,148.000;
54.60,666.000,184.000,150.000;
54.80,664.000,181.000,155.000;
55.00,660.000,183.000,157.000;
55.20,654.000,185.000,161.000;
55.40,649.000,188.000,163.000;
55.60,648.000,189.000,163.000;
55.80,646.000,185.000,169.000;
