dynamics = [
0.00,4990.000,10.000,0.000;
0.10,4990.000,10.000,0.000;
0.20,4990.000,9.900,0.100;
0.30,4990.000,9.800,0.200;
0.40,4989.700,10.100,0.200;
0.50,4989.500,10.200,0.300;
0.60,4989.300,10.200,0.500;
0.70,4988.700,10.800,0.500;
0.80,4988.600,10.800,0.600;
0.90,4988.100,11.200,0.700;
1.00,4987.800,11.500,0.700;
1.10,4987.600,11.600,0.800;
1.20,4987.300,11.900,0.800;
1.30,4987.100,12.100,0.800;
1.40,4987.000,12.000,1.000;
1.50,4987.000,11.900,1.100;
1.60,4986.600,12.100,1.300;
1.70,4986.300,12.400,1.300;
1.80,4986.100,12.500,1.400;
1.90,4985.700,12.800,1.500;
2.00,4985.500,12.800,1.700;
2.10,4985.200,12.900,1.900;
2.20,4985.100,12.800,2.100;
2.30,4984.800,13.100,2.100;
2.40,4984.400,13.400,2.200;
2.50,4984.200,13.500,2.300;
2.60,4983.800,13.800,2.400;
2.70,4983.200,14.400,2.400;
2.80,4983.000,14.400,2.600;
2.90,4982.800,14.500,2.700;
3.00,4982.400,14.800,2.800;
3.10,4981.900,15.300,2.800;
3.20,4981.400,15.800,2.800;
3.30,4981.200,16.000,2.800;
3.40,4981.000,16.000,3.000;
3.50,4980.600,16.100,3.300;
3.60,4980.100,16.500,3.400;
3.70,4979.800,16.700,3.500;
3.80,4979.000,17.400,3.600;
3.90,4978.400,17.900,3.700;
4.00,4978.000,18.200,3.800;
4.10,4977.600,18.400,4.000;
4.20,4976.900,18.900,4.200;
4.30,4976.500,19.200,4.300;
4.40,4976.000,19.600,4.400;
4.50,4975.700,19.700,4.600;
4.60,4974.900,20.500,4.600;
4.70,4974.500,20.500,5.000;
4.80,4974.100,20.800,5.100;
4.90,4973.500,21.100,5.400;
5.00,4973.100,21.400,5.500;
5.10,4972.900,21.200,5.900;
5.20,4972.900,21.100,6.000;
5.30,4972.100,21.700,6.200;
5.40,4971.900,21.500,6.600;
5.50,4971.500,21.800,6.700;
5.60,4971.200,22.000,6.800;
5.70,4970.900,22.300,6.800;
5.80,4970.400,22.700,6.900;
5.90,4969.800,23.300,6.900;
6.00,4969.000,24.100,6.900;
6.10,4968.500,24.400,7.100;
6.20,4967.800,24.900,7.300;
6.30,4967.200,25.100,7.700;
6.40,4966.500,25.700,7.800;
6.50,4965.500,26.400,8.100;
6.60,4965.200,26.500,8.300;
6.70,4964.400,27.100,8.500;
6.80,4963.900,27.300,8.800;
6.90,4963.400,27.700,8.900;
7.00,4962.800,27.800,9.400;
7.10,4962.400,28.100,9.500;
7.20,4961.800,28.700,9.500;
7.30,4961.100,29.300,9.600;
7.40,4960.400,29.800,9.800;
7.50,4959.900,30.000,10.100;
7.60,4959.000,30.700,10.300;
7.70,4958.100,31.600,10.300;
7.80,4957.400,31.700,10.900;
7.90,4956.500,32.600,10.900;
8.00,4955.700,33.100,11.200;
8.10,4955.100,33.300,11.600;
8.20,4954.600,33.500,11.900;
8.30,4954.000,34.100,11.900;
8.40,4952.600,35.200,12.200;
8.50,4951.200,36.000,12.800;
8.60,4950.400,36.100,13.500;
8.70,4949.600,36.800,13.600;
8.80,4948.400,37.600,14.000;
8.90,4947.300,38.400,14.300;
9.00,4946.500,38.800,14.700;
9.10,4945.400,39.600,15.000;
9.20,4944.000,40.700,15.300;
9.30,4943.200,41.100,15.700;
9.40,4942.600,41.500,15.900;
9.50,4941.800,42.300,15.900;
9.60,4940.900,43.000,16.100;
9.70,4939.900,43.500,16.600;
9.80,4939.100,43.900,17.000;
9.90,4937.900,45.100,17.000;
10.00,4936.500,46.500,17.000;
10.10,4935.200,47.600,17.200;
10.20,4933.900,48.600,17.500;
10.30,4933.000,49.200,17.800;
10.40,4932.000,49.900,18.100;
10.50,4930.700,50.900,18.400;
10.60,4929.600,51.600,18.800;
10.70,4928.300,52.400,19.300;
10.80,4926.600,53.700,19.700;
10.90,4925.000,54.900,20.100;
11.00,4923.800,55.800,20.400;
11.10,4922.300,56.800,20.900;
11.20,4920.600,58.100,21.300;
11.30,4918.000,60.500,21.500;
11.40,4916.000,62.000,22.000;
11.50,4914.500,63.300,22.200;
11.60,4913.300,64.100,22.600;
11.70,4911.700,64.500,23.800;
11.80,4909.700,65.900,24.400;
11.90,4908.100,67.200,24.700;
12.00,4906.600,68.400,25.000;
12.10,4904.300,70.300,25.400;
12.20,4902.600,71.700,25.700;
12.30,4900.700,73.100,26.200;
12.40,4898.600,74.900,26.500;
12.50,4896.300,76.500,27.200;
12.60,4894.300,77.400,28.300;
12.70,4893.000,78.400,28.600;
12.80,4891.500,79.300,29.200;
12.90,4889.600,80.400,30.000;
13.00,4888.400,81.300,30.300;
13.10,4886.500,82.900,30.600;
13.20,4884.600,84.200,31.200;
13.30,4881.900,86.700,31.400;
13.40,4878.800,89.200,32.000;
13.50,4877.000,90.400,32.600;
13.60,4874.500,92.200,33.300;
13.70,4871.900,93.900,34.200;
13.80,4870.100,95.300,34.600;
13.90,4868.200,96.100,35.700;
14.00,4865.800,98.000,36.200;
14.10,4864.500,98.600,36.900;
14.20,4861.700,101.100,37.200;
14.30,4859.600,102.400,38.000;
14.40,4856.500,104.900,38.600;
14.50,4853.900,107.000,39.100;
14.60,4851.900,108.600,39.500;
14.70,4849.300,110.200,40.500;
14.80,4847.800,110.900,41.300;
14.90,4845.000,113.300,41.700;
15.00,4842.000,115.500,42.500;
15.10,4840.500,116.400,43.100;
15.20,4838.600,117.300,44.100;
15.30,4835.300,119.600,45.100;
15.40,4832.100,122.500,45.400;
15.50,4829.000,124.100,46.900;
15.60,4826.600,125.700,47.700;
15.70,4823.700,128.200,48.100;
15.80,4820.800,130.700,48.500;
15.90,4816.400,134.100,49.500;
16.00,4813.200,136.200,50.600;
16.10,4809.900,138.500,51.600;
16.20,4806.300,141.000,52.700;
16.30,4803.100,143.300,53.600;
16.40,4800.400,145.500,54.100;
16.50,4796.100,148.900,55.000;
16.60,4791.600,152.500,55.900;
16.70,4788.100,154.600,57.300;
16.80,4784.500,157.300,58.200;
16.90,4781.100,160.100,58.800;
17.00,4777.300,162.300,60.400;
17.10,4773.800,165.000,61.200;
17.20,4769.500,168.500,62.000;
17.30,4765.400,171.600,63.000;
17.40,4762.100,173.400,64.500;
17.50,4758.400,175.400,66.200;
17.60,4754.400,177.600,68.000;
17.70,4750.900,179.900,69.200;
17.80,4746.400,183.500,70.100;
17.90,4742.200,187.000,70.800;
18.00,4738.800,188.900,72.300;
18.10,4734.700,191.600,73.700;
18.20,4730.400,194.400,75.200;
18.30,4726.100,197.600,76.300;
18.40,4721.200,201.000,77.800;
18.50,4716.700,204.600,78.700;
18.60,4710.900,209.100,80.000;
18.70,4706.400,212.800,80.800;
18.80,4701.600,215.600,82.800;
18.90,4696.300,219.600,84.100;
19.00,4691.000,224.000,85.000;
19.10,4686.400,227.200,86.400;
19.20,4680.700,232.100,87.200;
19.30,4675.500,236.400,88.100;
19.40,4669.900,240.100,90.000;
19.50,4663.700,244.300,92.000;
19.60,4658.600,247.800,93.600;
19.70,4652.200,251.900,95.900;
19.80,4648.700,253.500,97.800;
19.90,4644.200,256.300,99.500;
20.00,4637.500,261.700,100.800;
20.10,4631.400,266.400,102.200;
20.20,4625.500,270.500,104.000;
20.30,4619.600,274.700,105.700;
20.40,4614.400,278.000,107.600;
20.50,4608.900,281.600,109.500;
20.60,4601.200,286.400,112.400;
20.70,4595.000,291.400,113.600;
20.80,4587.900,296.400,115.700;
20.90,4580.700,302.700,116.600;
21.00,4574.400,307.000,118.600;
21.10,4568.200,311.100,120.700;
21.20,4560.600,316.600,122.800;
21.30,4554.100,320.900,125.000;
21.40,4547.800,324.600,127.600;
21.50,4539.000,332.000,129.000;
21.60,4530.200,339.200,130.600;
21.70,4522.600,344.600,132.800;
21.80,4515.200,349.500,135.300;
21.90,4507.500,354.700,137.800;
22.00,4499.500,360.400,140.100;
22.10,4491.000,367.000,142.000;
22.20,4485.000,370.000,145.000;
22.30,4476.900,374.900,148.200;
22.40,4469.000,379.900,151.100;
22.50,4461.300,385.000,153.700;
22.60,4452.100,391.200,156.700;
22.70,4442.200,398.200,159.600;
22.80,4434.100,404.100,161.800;
22.90,4424.800,411.200,164.000;
23.00,4414.600,418.900,166.500;
23.10,4407.700,422.100,170.200;
23.20,4398.900,428.200,172.900;
23.30,4391.000,433.100,175.900;
23.40,4381.800,439.900,178.300;
23.50,4371.900,447.300,180.800;
23.60,4360.500,455.500,184.000;
23.70,4349.400,463.400,187.200;
23.80,4339.500,471.100,189.400;
23.90,4329.000,479.200,191.800;
24.00,4317.700,487.500,194.800;
24.10,4307.600,493.300,199.100;
24.20,4298.700,499.600,201.700;
24.30,4289.300,506.000,204.700;
24.40,4280.000,512.600,207.400;
24.50,4267.700,521.400,210.900;
24.60,4256.000,530.100,213.900;
24.70,4244.600,536.600,218.800;
24.80,4235.200,541.900,222.900;
24.90,4224.600,549.100,226.300;
25.00,4213.500,556.300,230.200;
25.10,4202.500,563.200,234.300;
25.20,4189.500,572.300,238.200;
25.30,4178.200,579.400,242.400;
25.40,4168.000,586.200,245.800;
25.50,4156.400,594.200,249.400;
25.60,4143.400,602.400,254.200;
25.70,4131.900,610.400,257.700;
25.80,4119.700,619.000,261.300;
25.90,4106.200,628.600,265.200;
26.00,4095.000,634.900,270.100;
26.10,4081.500,644.400,274.100;
26.20,4068.600,652.600,278.800;
26.30,4056.900,660.200,282.900;
26.40,4041.900,670.400,287.700;
