dynamics = [
0.00,9990.000,10.000,0.000;
0.10,9990.000,10.000,0.000;
0.20,9990.000,10.000,0.000;
0.30,9990.000,10.000,0.000;
0.40,9990.000,10.000,0.000;
0.50,9990.000,9.750,0.250;
0.60,9989.750,9.500,0.750;
0.70,9989.750,9.500,0.750;
0.80,9989.500,9.750,0.750;
0.90,9989.500,9.750,0.750;
1.00,9989.250,10.000,0.750;
1.10,9989.000,10.250,0.750;
1.20,9988.500,10.750,0.750;
1.30,9988.500,10.750,0.750;
1.40,9988.000,11.000,1.000;
1.50,9987.750,11.000,1.250;
1.60,9987.500,11.250,1.250;
1.70,9987.250,11.500,1.250;
1.80,9987.000,11.500,1.500;
1.90,9987.000,11.500,1.500;
2.00,9986.750,11.500,1.750;
2.10,9986.500,11.500,2.000;
2.20,9986.250,11.500,2.250;
2.30,9985.750,12.000,2.250;
2.40,9985.500,11.750,2.750;
2.50,9985.500,11.500,3.000;
2.60,9985.500,11.500,3.000;
2.70,9985.500,11.500,3.000;
2.80,9984.750,12.000,3.250;
2.90,9984.500,12.250,3.250;
3.00,9984.500,12.250,3.250;
3.10,9984.250,12.500,3.250;
3.20,9984.250,12.500,3.250;
3.30,9984.000,12.500,3.500;
3.40,9984.000,12.500,3.500;
3.50,9984.000,12.250,3.750;
3.60,9983.500,12.750,3.750;
3.70,9983.250,13.000,3.750;
3.80,9982.750,13.500,3.750;
3.90,9981.750,14.250,4.000;
4.00,9981.250,14.750,4.000;
4.10,9981.250,14.500,4.250;
4.20,9981.000,14.500,4.500;
4.30,9980.750,14.750,4.500;
4.40,9980.250,15.250,4.500;
4.50,9980.000,15.500,4.500;
4.60,9979.000,16.500,4.500;
4.70,9978.750,16.500,4.750;
4.80,9978.500,16.500,5.000;
4.90,9978.000,17.000,5.000;
5.00,9977.500,17.500,5.000;
5.10,9977.500,17.250,5.250;
5.20,9977.250,17.500,5.250;
5.30,9977.000,17.750,5.250;
5.40,9976.250,18.250,5.500;
5.50,9976.250,18.250,5.500;
5.60,9976.000,18.500,5.500;
5.70,9976.000,18.500,5.500;
5.80,9975.750,18.250,6.000;
5.90,9974.250,19.750,6.000;
6.00,9974.250,19.750,6.000;
6.10,9974.250,19.750,6.000;
6.20,9974.000,20.000,6.000;
6.30,9974.000,20.000,6.000;
6.40,9973.750,20.250,6.000;
6.50,9973.000,20.250,6.750;
6.60,9972.500,20.750,6.750;
6.70,9971.500,21.750,6.750;
6.80,9971.250,21.500,7.250;
6.90,9971.250,21.500,7.250;
7.00,9970.750,21.500,7.750;
7.10,9970.250,22.000,7.750;
7.20,9970.250,21.750,8.000;
7.30,9969.250,22.500,8.250;
7.40,9969.000,22.500,8.500;
7.50,9968.500,23.000,8.500;
7.60,9968.250,23.000,8.750;
7.70,9967.500,23.500,9.000;
7.80,9967.250,23.000,9.750;
7.90,9966.750,23.250,10.000;
8.00,9966.750,23.000,10.250;
8.10,9966.250,23.500,10.250;
8.20,9966.000,23.750,10.250;
8.30,9965.750,24.000,10.250;
8.40,9965.750,23.500,10.750;
8.50,9965.000,24.000,11.000;
8.60,9964.750,24.250,11.000;
8.70,9964.500,24.250,11.250;
8.80,9963.750,25.000,11.250;
8.90,9963.500,25.250,11.250;
9.00,9963.000,25.500,11.500;
9.10,9962.250,26.000,11.750;
9.20,9962.250,25.750,12.000;
9.30,9962.000,25.750,12.250;
9.40,9961.250,26.250,12.500;
9.50,9960.500,27.000,12.500;
9.60,9960.250,27.000,12.750;
9.70,9959.250,28.000,12.750;
9.80,9958.500,28.750,12.750;
9.90,9957.750,29.250,13.000;
10.00,9957.250,29.500,13.250;
10.10,9956.750,30.000,13.250;
10.20,9956.750,30.000,13.250;
10.30,9956.750,30.000,13.250;
10.40,9956.250,30.500,13.250;
10.50,9955.500,31.250,13.250;
10.60,9955.000,31.750,13.250;
10.70,9954.250,32.250,13.500;
10.80,9954.250,32.000,13.750;
10.90,9954.250,32.000,13.750;
11.00,9954.000,32.250,13.750;
11.10,9953.250,33.000,13.750;
11.20,9953.250,32.500,14.250;
11.30,9952.750,33.000,14.250;
11.40,9951.250,34.250,14.500;
11.50,9950.500,34.750,14.750;
11.60,9950.000,34.750,15.250;
11.70,9950.000,34.250,15.750;
11.80,9949.500,34.500,16.000;
11.90,9948.500,35.250,16.250;
12.00,9947.750,36.000,16.250;
12.10,9947.000,36.250,16.750;
12.20,9946.500,36.500,17.000;
12.30,9946.250,36.500,17.250;
12.40,9944.750,37.750,17.500;
12.50,9943.750,38.250,18.000;
12.60,9942.750,38.750,18.500;
12.70,9942.000,39.500,18.500;
12.80,9941.000,40.000,19.000;
12.90,9940.500,40.000,19.500;
13.00,9940.000,40.500,19.500;
13.10,9939.750,40.750,19.500;
13.20,9939.250,41.250,19.500;
13.30,9938.500,41.500,20.000;
13.40,9938.250,41.250,20.500;
13.50,9936.250,43.000,20.750;
13.60,9935.000,43.750,21.250;
13.70,9933.750,44.750,21.500;
13.80,9933.000,45.250,21.750;
13.90,9933.000,45.250,21.750;
14.00,9932.250,45.500,22.250;
14.10,9931.500,46.000,22.500;
14.20,9930.750,46.250,23.000;
14.30,9929.000,48.000,23.000;
14.40,9928.750,47.500,23.750;
14.50,9928.750,47.250,24.000;
14.60,9928.250,47.250,24.500;
14.70,9927.750,47.000,25.250;
14.80,9927.750,47.000,25.250;
14.90,9927.500,47.000,25.500;
15.00,9926.250,48.250,25.500;
15.10,9925.250,48.000,26.750;
15.20,9923.750,49.500,26.750;
15.30,9922.000,51.250,26.750;
15.40,9920.250,53.000,26.750;
15.50,9918.250,54.500,27.250;
15.60,9917.000,55.500,27.500;
15.70,9914.000,58.250,27.750;
15.80,9913.750,58.000,28.250;
15.90,9911.250,60.250,28.500;
16.00,9910.250,60.750,29.000;
16.10,9908.750,61.750,29.500;
16.20,9907.000,62.750,30.250;
16.30,9906.000,63.500,30.500;
16.40,9904.250,65.000,30.750;
16.50,9903.500,65.500,31.000;
16.60,9902.250,66.500,31.250;
16.70,9900.750,66.750,32.500;
16.80,9899.250,68.250,32.500;
16.90,9897.750,69.500,32.750;
17.00,9897.000,70.000,33.000;
17.10,9895.750,70.750,33.500;
17.20,9894.750,71.000,34.250;
17.30,9894.000,71.000,35.000;
17.40,9893.250,70.500,36.250;
17.50,9892.000,71.750,36.250;
17.60,9889.750,74.000,36.250;
17.70,9888.500,75.000,36.500;
17.80,9886.500,76.000,37.500;
17.90,9884.750,77.250,38.000;
18.00,9884.000,77.000,39.000;
18.10,9881.750,79.000,39.250;
18.20,9880.250,80.250,39.500;
18.30,9878.500,81.500,40.000;
18.40,9877.000,83.000,40.000;
18.50,9875.000,84.250,40.750;
18.60,9873.750,84.250,42.000;
18.70,9871.250,86.250,42.500;
18.80,9868.750,88.000,43.250;
18.90,9867.250,89.500,43.250;
19.00,9865.750,90.000,44.250;
19.10,9863.000,92.250,44.750;
19.20,9861.250,93.250,45.500;
19.30,9859.500,94.750,45.750;
19.40,9857.250,96.250,46.500;
19.50,9855.250,97.500,47.250;
19.60,9853.250,98.500,48.250;
19.70,9850.750,99.500,49.750;
19.80,9849.250,100.500,50.250;
19.90,9847.750,101.500,50.750;
20.00,9847.000,101.250,51.750;
20.10,9844.500,102.250,53.250;
20.20,9842.000,104.000,54.000;
20.30,9838.500,106.500,55.000;
20.40,9836.750,107.750,55.500;
20.50,9834.500,109.500,56.000;
20.60,9831.250,112.000,56.750;
20.70,9829.750,113.000,57.250;
20.80,9827.250,114.750,58.000;
20.90,9825.000,116.000,59.000;
21.00,9822.500,117.750,59.750;
21.10,9819.250,120.750,60.000;
21.20,9816.500,123.250,60.250;
21.30,9814.250,124.250,61.500;
21.40,9812.250,125.000,62.750;
21.50,9810.000,126.000,64.000;
21.60,9807.500,127.000,65.500;
21.70,9803.750,129.750,66.500;
21.80,9802.500,130.000,67.500;
21.90,9799.750,132.250,68.000;
22.00,9796.500,135.000,68.500;
22.10,9792.750,137.500,69.750;
22.20,9790.000,139.750,70.250;
22.30,9786.250,142.500,71.250;
22.40,9782.750,145.750,71.500;
22.50,9780.500,147.250,72.250;
22.60,9777.000,150.000,73.000;
22.70,9774.000,152.250,73.750;
22.80,9770.500,154.500,75.000;
22.90,9767.000,156.500,76.500;
23.00,9763.000,159.500,77.500;
23.10,9760.750,160.750,78.500;
23.20,9756.750,163.750,79.500;
23.30,9753.000,166.750,80.250;
23.40,9749.750,169.000,81.250;
23.50,9746.750,170.500,82.750;
23.60,9744.000,172.500,83.500;
23.70,9740.750,173.750,85.500;
23.80,9739.250,174.000,86.750;
23.90,9736.750,175.000,88.250;
24.00,9732.750,178.000,89.250;
24.10,9729.750,179.500,90.750;
24.20,9727.000,181.750,91.250;
24.30,9723.750,182.750,93.500;
24.40,9719.250,186.000,94.750;
24.50,9715.000,189.250,95.750;
24.60,9712.750,189.750,97.500;
24.70,9709.750,190.500,99.750;
24.80,9707.250,191.000,101.750;
24.90,9701.250,195.500,103.250;
25.00,9699.250,196.000,104.750;
25.10,9696.500,196.750,106.750;
25.20,9693.500,196.750,109.750;
25.30,9690.250,198.750,111.000;
25.40,9687.000,200.750,112.250;
25.50,9682.000,204.750,113.250;
25.60,9678.750,206.750,114.500;
25.70,9674.250,209.250,116.500;
25.80,9670.500,212.000,117.500;
25.90,9666.250,215.000,118.750;
26.00,9661.500,218.750,119.750;
26.10,9658.750,219.500,121.750;
26.20,9654.500,222.500,123.000;
26.30,9650.500,225.500,124.000;
26.40,9646.500,229.000,124.500;
26.50,9642.000,232.000,126.000;
26.60,9638.000,234.000,128.000;
26.70,9635.000,235.500,129.500;
26.80,9630.500,239.000,130.500;
