dynamics = [
0.00,9990.000,10.000,0.000;
0.10,9990.000,10.000,0.000;
0.20,9990.000,10.000,0.000;
0.30,9990.000,10.000,0.000;
0.40,9990.000,10.000,0.000;
0.50,9989.000,11.000,0.000;
0.60,9988.000,12.000,0.000;
0.70,9988.000,12.000,0.000;
0.80,9988.000,12.000,0.000;
0.90,9988.000,12.000,0.000;
1.00,9988.000,12.000,0.000;
1.10,9988.000,12.000,0.000;
1.20,9988.000,12.000,0.000;
1.30,9988.000,12.000,0.000;
1.40,9988.000,12.000,0.000;
1.50,9988.000,12.000,0.000;
1.60,9988.000,12.000,0.000;
1.70,9988.000,12.000,0.000;
1.80,9988.000,12.000,0.000;
1.90,9988.000,12.000,0.000;
2.00,9988.000,12.000,0.000;
2.10,9988.000,12.000,0.000;
2.20,9988.000,12.000,0.000;
2.30,9988.000,11.000,1.000;
2.40,9988.000,11.000,1.000;
2.50,9987.000,12.000,1.000;
2.60,9987.000,12.000,1.000;
2.70,9987.000,12.000,1.000;
2.80,9986.000,13.000,1.000;
2.90,9986.000,13.000,1.000;
3.00,9986.000,13.000,1.000;
3.10,9984.000,15.000,1.000;
3.20,9983.000,16.000,1.000;
3.30,9983.000,15.000,2.000;
3.40,9982.000,16.000,2.000;
3.50,9982.000,16.000,2.000;
3.60,9981.000,17.000,2.000;
3.70,9981.000,17.000,2.000;
3.80,9981.000,17.000,2.000;
3.90,9981.000,17.000,2.000;
4.00,9981.000,17.000,2.000;
4.10,9979.000,19.000,2.000;
4.20,9976.000,22.000,2.000;
4.30,9976.000,21.000,3.000;
4.40,9975.000,22.000,3.000;
4.50,9974.000,23.000,3.000;
4.60,9973.000,24.000,3.000;
4.70,9972.000,25.000,3.000;
4.80,9971.000,26.000,3.000;
4.90,9971.000,26.000,3.000;
5.00,9970.000,27.000,3.000;
5.10,9970.000,26.000,4.000;
5.20,9968.000,28.000,4.000;
5.30,9966.000,30.000,4.000;
5.40,9964.000,32.000,4.000;
5.50,9964.000,32.000,4.000;
5.60,9963.000,33.000,4.000;
5.70,9962.000,34.000,4.000;
5.80,9961.000,35.000,4.000;
5.90,9959.000,36.000,5.000;
6.00,9958.000,37.000,5.000;
6.10,9958.000,37.000,5.000;
6.20,9957.000,38.000,5.000;
6.30,9956.000,39.000,5.000;
6.40,9954.000,41.000,5.000;
6.50,9954.000,41.000,5.000;
6.60,9953.000,42.000,5.000;
6.70,9951.000,44.000,5.000;
6.80,9951.000,44.000,5.000;
6.90,9951.000,44.000,5.000;
7.00,9951.000,44.000,5.000;
7.10,9950.000,45.000,5.000;
7.20,9950.000,45.000,5.000;
7.30,9950.000,45.000,5.000;
7.40,9950.000,45.000,5.000;
7.50,9949.000,46.000,5.000;
7.60,9948.000,47.000,5.000;
7.70,9948.000,47.000,5.000;
7.80,9946.000,48.000,6.000;
7.90,9944.000,50.000,6.000;
8.00,9942.000,52.000,6.000;
8.10,9942.000,52.000,6.000;
8.20,9941.000,53.000,6.000;
8.30,9941.000,53.000,6.000;
8.40,9940.000,54.000,6.000;
8.50,9939.000,55.000,6.000;
8.60,9939.000,55.000,6.000;
8.70,9937.000,57.000,6.000;
8.80,9936.000,58.000,6.000;
8.90,9936.000,58.000,6.000;
9.00,9934.000,60.000,6.000;
9.10,9931.000,63.000,6.000;
9.20,9929.000,64.000,7.000;
9.30,9929.000,64.000,7.000;
9.40,9927.000,66.000,7.000;
9.50,9926.000,67.000,7.000;
9.60,9925.000,68.000,7.000;
9.70,9924.000,69.000,7.000;
9.80,9923.000,70.000,7.000;
9.90,9923.000,70.000,7.000;
10.00,9921.000,72.000,7.000;
10.10,9920.000,73.000,7.000;
10.20,9918.000,75.000,7.000;
10.30,9917.000,76.000,7.000;
10.40,9916.000,77.000,7.000;
10.50,9913.000,80.000,7.000;
10.60,9910.000,83.000,7.000;
10.70,9910.000,83.000,7.000;
10.80,9907.000,86.000,7.000;
10.90,9904.000,89.000,7.000;
11.00,9902.000,90.000,8.000;
11.10,9899.000,92.000,9.000;
11.20,9897.000,94.000,9.000;
11.30,9895.000,96.000,9.000;
11.40,9893.000,98.000,9.000;
11.50,9889.000,102.000,9.000;
11.60,9886.000,105.000,9.000;
11.70,9884.000,106.000,10.000;
11.80,9880.000,110.000,10.000;
11.90,9880.000,110.000,10.000;
12.00,9875.000,115.000,10.000;
12.10,9872.000,118.000,10.000;
12.20,9866.000,124.000,10.000;
12.30,9865.000,124.000,11.000;
12.40,9862.000,127.000,11.000;
12.50,9858.000,131.000,11.000;
12.60,9855.000,134.000,11.000;
12.70,9849.000,140.000,11.000;
12.80,9845.000,144.000,11.000;
12.90,9844.000,145.000,11.000;
13.00,9840.000,149.000,11.000;
13.10,9837.000,152.000,11.000;
13.20,9834.000,155.000,11.000;
13.30,9832.000,157.000,11.000;
13.40,9828.000,161.000,11.000;
13.50,9825.000,164.000,11.000;
13.60,9821.000,168.000,11.000;
13.70,9812.000,176.000,12.000;
13.80,9809.000,179.000,12.000;
13.90,9806.000,182.000,12.000;
14.00,9800.000,188.000,12.000;
14.10,9798.000,190.000,12.000;
14.20,9795.000,193.000,12.000;
14.30,9792.000,196.000,12.000;
14.40,9787.000,200.000,13.000;
14.50,9784.000,202.000,14.000;
14.60,9780.000,206.000,14.000;
14.70,9775.000,210.000,15.000;
14.80,9770.000,215.000,15.000;
14.90,9768.000,217.000,15.000;
15.00,9764.000,220.000,16.000;
15.10,9759.000,225.000,16.000;
15.20,9755.000,228.000,17.000;
15.30,9751.000,232.000,17.000;
15.40,9746.000,236.000,18.000;
15.50,9740.000,242.000,18.000;
15.60,9735.000,247.000,18.000;
15.70,9733.000,248.000,19.000;
15.80,9732.000,249.000,19.000;
15.90,9725.000,256.000,19.000;
16.00,9714.000,267.000,19.000;
16.10,9701.000,280.000,19.000;
16.20,9693.000,288.000,19.000;
16.30,9684.000,297.000,19.000;
16.40,9678.000,303.000,19.000;
16.50,9669.000,312.000,19.000;
16.60,9665.000,315.000,20.000;
16.70,9660.000,319.000,21.000;
16.80,9653.000,325.000,22.000;
16.90,9644.000,334.000,22.000;
17.00,9631.000,347.000,22.000;
17.10,9625.000,353.000,22.000;
17.20,9620.000,358.000,22.000;
17.30,9609.000,369.000,22.000;
17.40,9600.000,377.000,23.000;
17.50,9591.000,386.000,23.000;
17.60,9587.000,390.000,23.000;
17.70,9574.000,403.000,23.000;
17.80,9563.000,412.000,25.000;
17.90,9552.000,423.000,25.000;
18.00,9540.000,434.000,26.000;
18.10,9528.000,445.000,27.000;
18.20,9518.000,453.000,29.000;
18.30,9504.000,467.000,29.000;
18.40,9489.000,482.000,29.000;
18.50,9480.000,491.000,29.000;
18.60,9466.000,504.000,30.000;
18.70,9452.000,517.000,31.000;
18.80,9437.000,532.000,31.000;
18.90,9422.000,546.000,32.000;
19.00,9413.000,554.000,33.000;
19.10,9400.000,565.000,35.000;
19.20,9387.000,574.000,39.000;
19.30,9374.000,587.000,39.000;
19.40,9364.000,596.000,40.000;
19.50,9352.000,607.000,41.000;
19.60,9340.000,617.000,43.000;
19.70,9324.000,631.000,45.000;
19.80,9313.000,638.000,49.000;
19.90,9303.000,647.000,50.000;
20.00,9289.000,660.000,51.000;
20.10,9275.000,671.000,54.000;
20.20,9263.000,680.000,57.000;
20.30,9246.000,691.000,63.000;
20.40,9231.000,704.000,65.000;
20.50,9212.000,719.000,69.000;
20.60,9202.000,727.000,71.000;
20.70,9186.000,739.000,75.000;
20.80,9170.000,755.000,75.000;
20.90,9152.000,770.000,78.000;
21.00,9134.000,785.000,81.000;
21.10,9118.000,799.000,83.000;
21.20,9102.000,814.000,84.000;
21.30,9078.000,835.000,87.000;
21.40,9065.000,846.000,89.000;
21.50,9042.000,868.000,90.000;
21.60,9020.000,885.000,95.000;
21.70,8998.000,905.000,97.000;
21.80,8980.000,920.000,100.000;
21.90,8961.000,934.000,105.000;
22.00,8930.000,959.000,111.000;
22.10,8910.000,969.000,121.000;
22.20,8892.000,983.000,125.000;
22.30,8875.000,997.000,128.000;
22.40,8849.000,1018.000,133.000;
22.50,8823.000,1043.000,134.000;
22.60,8796.000,1068.000,136.000;
22.70,8777.000,1080.000,143.000;
22.80,8748.000,1105.000,147.000;
22.90,8736.000,1112.000,152.000;
23.00,8706.000,1139.000,155.000;
23.10,8685.000,1152.000,163.000;
23.20,8658.000,1174.000,168.000;
23.30,8638.000,1186.000,176.000;
23.40,8619.000,1202.000,179.000;
23.50,8591.000,1225.000,184.000;
23.60,8567.000,1243.000,190.000;
23.70,8544.000,1262.000,194.000;
23.80,8514.000,1288.000,198.000;
23.90,8492.000,1303.000,205.000;
24.00,8458.000,1328.000,214.000;
24.10,8422.000,1351.000,227.000;
24.20,8399.000,1368.000,233.000;
24.30,8372.000,1390.000,238.000;
24.40,8344.000,1410.000,246.000;
24.50,8306.000,1443.000,251.000;
24.60,8275.000,1469.000,256.000;
24.70,8241.000,1494.000,265.000;
24.80,8207.000,1520.000,273.000;
24.90,8180.000,1544.000,276.000;
25.00,8142.000,1577.000,281.000;
25.10,8104.000,1604.000,292.000;
25.20,8064.000,1633.000,303.000;
25.30,8031.000,1659.000,310.000;
25.40,8000.000,1679.000,321.000;
25.50,7965.000,1705.000,330.000;
25.60,7927.000,1739.000,334.000;
25.70,7904.000,1753.000,343.000;
25.80,7869.000,1775.000,356.000;
25.90,7841.000,1794.000,365.000;
26.00,7804.000,1818.000,378.000;
26.10,7770.000,1843.000,387.000;
26.20,7721.000,1887.000,392.000;
26.30,7687.000,1910.000,403.000;
26.40,7650.000,1941.000,409.000;
