dynamics = [
0.00,9990.000,10.000,0.000;
0.10,9990.000,10.000,0.000;
0.20,9990.000,10.000,0.000;
0.30,9990.000,10.000,0.000;
0.40,9989.000,11.000,0.000;
0.50,9988.000,12.000,0.000;
0.60,9988.000,12.000,0.000;
0.70,9987.000,13.000,0.000;
0.80,9986.000,14.000,0.000;
0.90,9986.000,14.000,0.000;
1.00,9983.000,17.000,0.000;
1.10,9983.000,17.000,0.000;
1.20,9980.000,20.000,0.000;
1.30,9980.000,20.000,0.000;
1.40,9980.000,20.000,0.000;
1.50,9978.000,22.000,0.000;
1.60,9978.000,22.000,0.000;
1.70,9972.000,28.000,0.000;
1.80,9971.000,29.000,0.000;
1.90,9970.000,30.000,0.000;
2.00,9968.000,32.000,0.000;
2.10,9967.000,33.000,0.000;
2.20,9965.000,35.000,0.000;
2.30,9964.000,35.000,1.000;
2.40,9964.000,35.000,1.000;
2.50,9958.000,41.000,1.000;
2.60,9957.000,42.000,1.000;
2.70,9953.000,46.000,1.000;
2.80,9952.000,47.000,1.000;
2.90,9950.000,49.000,1.000;
3.00,9949.000,49.000,2.000;
3.10,9946.000,52.000,2.000;
3.20,9942.000,54.000,4.000;
3.30,9940.000,54.000,6.000;
3.40,9935.000,59.000,6.000;
3.50,9930.000,64.000,6.000;
3.60,9929.000,65.000,6.000;
3.70,9927.000,67.000,6.000;
3.80,9926.000,68.000,6.000;
3.90,9922.000,72.000,6.000;
4.00,9921.000,73.000,6.000;
4.10,9913.000,81.000,6.000;
4.20,9912.000,82.000,6.000;
4.30,9908.000,85.000,7.000;
4.40,9906.000,87.000,7.000;
4.50,9903.000,90.000,7.000;
4.60,9894.000,99.000,7.000;
4.70,9892.000,100.000,8.000;
4.80,9885.000,105.000,10.000;
4.90,9881.000,109.000,10.000;
5.00,9872.000,117.000,11.000;
5.10,9866.000,122.000,12.000;
5.20,9861.000,126.000,13.000;
5.30,9852.000,134.000,14.000;
5.40,9842.000,143.000,15.000;
5.50,9838.000,146.000,16.000;
5.60,9828.000,156.000,16.000;
5.70,9821.000,163.000,16.000;
5.80,9812.000,171.000,17.000;
5.90,9800.000,181.000,19.000;
6.00,9792.000,189.000,19.000;
6.10,9781.000,199.000,20.000;
6.20,9773.000,205.000,22.000;
6.30,9762.000,215.000,23.000;
6.40,9757.000,220.000,23.000;
6.50,9744.000,231.000,25.000;
6.60,9732.000,242.000,26.000;
6.70,9722.000,251.000,27.000;
6.80,9715.000,257.000,28.000;
6.90,9707.000,262.000,31.000;
7.00,9694.000,274.000,32.000;
7.10,9680.000,288.000,32.000;
7.20,9670.000,297.000,33.000;
7.30,9657.000,307.000,36.000;
7.40,9645.000,317.000,38.000;
7.50,9624.000,336.000,40.000;
7.60,9609.000,349.000,42.000;
7.70,9588.000,368.000,44.000;
7.80,9569.000,384.000,47.000;
7.90,9549.000,399.000,52.000;
8.00,9533.000,411.000,56.000;
8.10,9514.000,425.000,61.000;
8.20,9496.000,440.000,64.000;
8.30,9476.000,456.000,68.000;
8.40,9460.000,471.000,69.000;
8.50,9436.000,491.000,73.000;
8.60,9414.000,511.000,75.000;
8.70,9387.000,535.000,78.000;
8.80,9364.000,552.000,84.000;
8.90,9346.000,567.000,87.000;
9.00,9316.000,595.000,89.000;
9.10,9292.000,615.000,93.000;
9.20,9263.000,641.000,96.000;
9.30,9241.000,659.000,100.000;
9.40,9214.000,680.000,106.000;
9.50,9184.000,707.000,109.000;
9.60,9150.000,736.000,114.000;
9.70,9121.000,762.000,117.000;
9.80,9084.000,794.000,122.000;
9.90,9043.000,825.000,132.000;
10.00,9018.000,844.000,138.000;
10.10,8984.000,873.000,143.000;
10.20,8954.000,896.000,150.000;
10.30,8919.000,925.000,156.000;
10.40,8882.000,956.000,162.000;
10.50,8842.000,991.000,167.000;
10.60,8796.000,1031.000,173.000;
10.70,8751.000,1073.000,176.000;
10.80,8701.000,1114.000,185.000;
10.90,8656.000,1148.000,196.000;
11.00,8618.000,1176.000,206.000;
11.10,8570.000,1216.000,214.000;
11.20,8517.000,1258.000,225.000;
11.30,8454.000,1314.000,232.000;
11.40,8394.000,1361.000,245.000;
11.50,8339.000,1401.000,260.000;
11.60,8281.000,1450.000,269.000;
11.70,8226.000,1496.000,278.000;
11.80,8166.000,1551.000,283.000;
11.90,8097.000,1610.000,293.000;
12.00,8042.000,1659.000,299.000;
12.10,7962.000,1730.000,308.000;
12.20,7897.000,1778.000,325.000;
12.30,7833.000,1832.000,335.000;
12.40,7753.000,1896.000,351.000;
12.50,7681.000,1951.000,368.000;
12.60,7608.000,2013.000,379.000;
12.70,7529.000,2079.000,392.000;
12.80,7474.000,2120.000,406.000;
12.90,7379.000,2205.000,416.000;
13.00,7310.000,2261.000,429.000;
13.10,7219.000,2339.000,442.000;
13.20,7137.000,2402.000,461.000;
13.30,7055.000,2466.000,479.000;
13.40,6984.000,2520.000,496.000;
13.50,6897.000,2591.000,512.000;
13.60,6804.000,2660.000,536.000;
13.70,6705.000,2741.000,554.000;
13.80,6600.000,2832.000,568.000;
13.90,6505.000,2905.000,590.000;
14.00,6425.000,2966.000,609.000;
14.10,6326.000,3044.000,630.000;
14.20,6216.000,3138.000,646.000;
14.30,6121.000,3212.000,667.000;
14.40,6039.000,3278.000,683.000;
14.50,5946.000,3347.000,707.000;
14.60,5851.000,3419.000,730.000;
14.70,5761.000,3484.000,755.000;
14.80,5648.000,3569.000,783.000;
14.90,5570.000,3628.000,802.000;
15.00,5468.000,3711.000,821.000;
15.10,5349.000,3805.000,846.000;
15.20,5258.000,3874.000,868.000;
15.30,5158.000,3952.000,890.000;
15.40,5066.000,4015.000,919.000;
15.50,4974.000,4085.000,941.000;
15.60,4877.000,4162.000,961.000;
15.70,4785.000,4233.000,982.000;
15.80,4690.000,4292.000,1018.000;
15.90,4600.000,4351.000,1049.000;
16.00,4513.000,4406.000,1081.000;
16.10,4405.000,4488.000,1107.000;
16.20,4312.000,4550.000,1138.000;
16.30,4221.000,4615.000,1164.000;
16.40,4133.000,4674.000,1193.000;
16.50,4018.000,4768.000,1214.000;
16.60,3939.000,4816.000,1245.000;
16.70,3852.000,4876.000,1272.000;
16.80,3758.000,4937.000,1305.000;
16.90,3660.000,4999.000,1341.000;
17.00,3579.000,5050.000,1371.000;
17.10,3498.000,5106.000,1396.000;
17.20,3401.000,5170.000,1429.000;
17.30,3327.000,5210.000,1463.000;
17.40,3249.000,5257.000,1494.000;
17.50,3176.000,5289.000,1535.000;
17.60,3079.000,5350.000,1571.000;
17.70,3005.000,5380.000,1615.000;
17.80,2914.000,5442.000,1644.000;
17.90,2828.000,5496.000,1676.000;
18.00,2762.000,5519.000,1719.000;
18.10,2687.000,5557.000,1756.000;
18.20,2610.000,5606.000,1784.000;
18.30,2537.000,5644.000,1819.000;
18.40,2467.000,5673.000,1860.000;
18.50,2395.000,5702.000,1903.000;
18.60,2329.000,5733.000,1938.000;
18.70,2274.000,5751.000,1975.000;
18.80,2205.000,5778.000,2017.000;
18.90,2154.000,5781.000,2065.000;
19.00,2094.000,5800.000,2106.000;
19.10,2043.000,5807.000,2150.000;
19.20,1974.000,5843.000,2183.000;
19.30,1926.000,5851.000,2223.000;
19.40,1868.000,5859.000,2273.000;
19.50,1816.000,5876.000,2308.000;
19.60,1772.000,5878.000,2350.000;
19.70,1718.000,5898.000,2384.000;
19.80,1679.000,5886.000,2435.000;
19.90,1631.000,5896.000,2473.000;
20.00,1595.000,5883.000,2522.000;
20.10,1560.000,5866.000,2574.000;
20.20,1512.000,5869.000,2619.000;
20.30,1467.000,5880.000,2653.000;
20.40,1430.000,5872.000,2698.000;
20.50,1397.000,5867.000,2736.000;
20.60,1353.000,5866.000,2781.000;
20.70,1318.000,5864.000,2818.000;
20.80,1275.000,5871.000,2854.000;
20.90,1243.000,5854.000,2903.000;
21.00,1209.000,5840.000,2951.000;
21.10,1173.000,5838.000,2989.000;
21.20,1142.000,5838.000,3020.000;
21.30,1116.000,5823.000,3061.000;
21.40,1070.000,5834.000,3096.000;
21.50,1037.000,5835.000,3128.000;
21.60,1017.000,5822.000,3161.000;
21.70,980.000,5822.000,3198.000;
21.80,959.000,5804.000,3237.000;
21.90,936.000,5796.000,3268.000;
22.00,906.000,5785.000,3309.000;
22.10,878.000,5787.000,3335.000;
22.20,855.000,5777.000,3368.000;
22.30,836.000,5757.000,3407.000;
22.40,809.000,5748.000,3443.000;
22.50,787.000,5731.000,3482.000;
22.60,762.000,5723.000,3515.000;
22.70,741.000,5697.000,3562.000;
22.80,728.000,5674.000,3598.000;
22.90,709.000,5663.000,3628.000;
23.00,695.000,5646.000,3659.000;
23.10,673.000,5633.000,3694.000;
23.20,653.000,5614.000,3733.000;
23.30,637.000,5587.000,3776.000;
23.40,625.000,5558.000,3817.000;
23.50,597.000,5546.000,3857.000;
23.60,583.000,5516.000,3901.000;
23.70,563.000,5503.000,3934.000;
23.80,542.000,5500.000,3958.000;
23.90,527.000,5483.000,3990.000;
24.00,511.000,5467.000,4022.000;
24.10,498.000,5449.000,4053.000;
24.20,480.000,5427.000,4093.000;
24.30,469.000,5400.000,4131.000;
24.40,461.000,5379.000,4160.000;
24.50,448.000,5349.000,4203.000;
24.60,439.000,5321.000,4240.000;
24.70,429.000,5291.000,4280.000;
24.80,418.000,5267.000,4315.000;
24.90,408.000,5227.000,4365.000;
25.00,400.000,5198.000,4402.000;
25.10,393.000,5167.000,4440.000;
