steps = 1000;
dt = 0.1;
replications = 0;
dynamics = [
999.000,1.000,0.000;
999.000,1.000,0.000;
999.000,1.000,0.000;
998.975,1.018,0.007;
998.950,1.037,0.013;
998.925,1.055,0.020;
998.899,1.074,0.027;
998.872,1.094,0.034;
998.846,1.113,0.041;
998.818,1.133,0.049;
998.790,1.154,0.056;
998.762,1.174,0.063;
998.733,1.195,0.071;
998.704,1.217,0.079;
998.674,1.239,0.087;
998.644,1.261,0.095;
998.613,1.284,0.103;
998.581,1.307,0.112;
998.549,1.330,0.120;
998.517,1.354,0.129;
998.483,1.379,0.138;
998.450,1.403,0.147;
998.415,1.429,0.156;
998.380,1.454,0.165;
998.345,1.480,0.175;
998.308,1.507,0.185;
998.271,1.534,0.195;
998.234,1.562,0.205;
998.195,1.590,0.215;
998.156,1.618,0.225;
998.117,1.647,0.236;
998.076,1.677,0.247;
998.035,1.707,0.258;
997.993,1.738,0.269;
997.951,1.769,0.280;
997.908,1.801,0.292;
997.863,1.833,0.304;
997.818,1.866,0.316;
997.773,1.899,0.328;
997.726,1.934,0.340;
997.679,1.968,0.353;
997.631,2.004,0.366;
997.581,2.040,0.379;
997.531,2.076,0.392;
997.481,2.114,0.406;
997.429,2.151,0.420;
997.376,2.190,0.434;
997.322,2.229,0.448;
997.268,2.269,0.463;
997.212,2.310,0.478;
997.156,2.352,0.493;
997.098,2.394,0.508;
997.040,2.437,0.524;
996.980,2.480,0.540;
996.919,2.525,0.556;
996.857,2.570,0.573;
996.794,2.616,0.589;
996.730,2.663,0.607;
996.665,2.711,0.624;
996.599,2.760,0.642;
996.531,2.809,0.660;
996.462,2.859,0.678;
996.392,2.911,0.697;
996.321,2.963,0.716;
996.249,3.016,0.735;
996.175,3.070,0.755;
996.100,3.125,0.775;
996.023,3.181,0.796;
995.946,3.238,0.817;
995.866,3.296,0.838;
995.786,3.355,0.859;
995.704,3.415,0.881;
995.620,3.476,0.904;
995.535,3.538,0.926;
995.449,3.602,0.950;
995.361,3.666,0.973;
995.271,3.732,0.997;
995.180,3.799,1.022;
995.087,3.867,1.047;
994.992,3.936,1.072;
994.896,4.006,1.098;
994.798,4.078,1.124;
994.699,4.151,1.151;
994.597,4.225,1.178;
994.494,4.301,1.205;
994.389,4.378,1.234;
994.282,4.456,1.262;
994.173,4.535,1.291;
994.062,4.616,1.321;
993.950,4.699,1.351;
993.835,4.783,1.382;
993.718,4.868,1.414;
993.599,4.955,1.445;
993.478,5.044,1.478;
993.355,5.134,1.511;
993.230,5.226,1.545;
993.102,5.319,1.579;
992.973,5.414,1.614;
992.841,5.510,1.649;
992.706,5.609,1.685;
992.570,5.709,1.722;
992.430,5.810,1.759;
992.289,5.914,1.797;
992.145,6.019,1.836;
991.998,6.127,1.875;
991.848,6.236,1.916;
991.697,6.347,1.956;
991.542,6.460,1.998;
991.385,6.575,2.040;
991.224,6.692,2.083;
991.061,6.811,2.127;
990.896,6.933,2.172;
990.727,7.056,2.217;
990.555,7.181,2.263;
990.380,7.309,2.311;
990.203,7.439,2.358;
990.022,7.571,2.407;
989.837,7.706,2.457;
989.650,7.843,2.507;
989.459,7.982,2.559;
989.265,8.124,2.611;
989.068,8.268,2.664;
988.867,8.415,2.718;
988.662,8.564,2.773;
988.454,8.716,2.829;
988.243,8.871,2.887;
988.027,9.028,2.945;
987.808,9.188,3.004;
987.585,9.351,3.064;
987.358,9.516,3.125;
987.127,9.685,3.188;
986.893,9.856,3.251;
986.654,10.031,3.316;
986.410,10.208,3.381;
986.163,10.389,3.448;
985.911,10.573,3.516;
985.655,10.759,3.585;
985.394,10.950,3.656;
985.129,11.143,3.728;
984.860,11.340,3.801;
984.585,11.540,3.875;
984.306,11.743,3.951;
984.022,11.951,4.027;
983.733,12.161,4.106;
983.439,12.376,4.185;
983.140,12.594,4.267;
982.836,12.815,4.349;
982.526,13.041,4.433;
982.211,13.270,4.518;
981.891,13.504,4.605;
981.565,13.741,4.694;
981.234,13.983,4.784;
980.896,14.228,4.875;
980.553,14.478,4.969;
980.204,14.732,5.064;
979.849,14.990,5.160;
979.488,15.253,5.258;
979.121,15.521,5.358;
978.748,15.792,5.460;
978.368,16.069,5.563;
977.981,16.350,5.669;
977.588,16.636,5.776;
977.189,16.927,5.885;
976.782,17.222,5.996;
976.369,17.523,6.109;
975.948,17.829,6.223;
975.520,18.140,6.340;
975.085,18.456,6.459;
974.643,18.777,6.580;
974.193,19.104,6.703;
973.735,19.436,6.828;
973.270,19.774,6.956;
972.797,20.118,7.085;
972.316,20.467,7.217;
971.827,20.822,7.351;
971.329,21.183,7.487;
970.823,21.550,7.626;
970.309,21.924,7.768;
969.786,22.303,7.911;
969.254,22.689,8.057;
968.713,23.081,8.206;
968.163,23.479,8.357;
967.605,23.884,8.511;
967.036,24.296,8.668;
966.458,24.715,8.827;
965.871,25.140,8.989;
965.274,25.572,9.154;
964.667,26.012,9.321;
964.050,26.458,9.492;
963.422,26.912,9.665;
962.785,27.374,9.842;
962.137,27.842,10.021;
961.478,28.319,10.203;
960.808,28.803,10.389;
960.127,29.295,10.578;
959.435,29.795,10.770;
958.732,30.303,10.965;
958.018,30.819,11.164;
957.291,31.343,11.366;
956.553,31.875,11.571;
955.803,32.417,11.780;
955.041,32.966,11.993;
954.266,33.525,12.209;
953.479,34.092,12.429;
952.679,34.669,12.652;
951.867,35.254,12.879;
951.041,35.848,13.111;
950.202,36.452,13.346;
949.350,37.066,13.585;
948.484,37.689,13.828;
947.604,38.321,14.075;
946.710,38.964,14.326;
945.803,39.616,14.581;
944.880,40.278,14.841;
943.944,40.951,15.105;
942.992,41.634,15.374;
942.026,42.327,15.647;
941.044,43.031,15.924;
940.047,43.746,16.207;
939.035,44.471,16.493;
938.007,45.208,16.785;
936.963,45.955,17.082;
935.903,46.714,17.383;
934.826,47.484,17.689;
933.733,48.266,18.001;
932.624,49.059,18.317;
931.497,49.864,18.639;
930.353,50.681,18.966;
929.192,51.509,19.299;
928.013,52.350,19.636;
926.817,53.204,19.980;
925.602,54.069,20.329;
924.369,54.947,20.683;
923.118,55.838,21.044;
921.848,56.741,21.410;
920.560,57.658,21.783;
919.252,58.587,22.161;
917.925,59.530,22.545;
916.579,60.485,22.936;
915.213,61.455,23.333;
913.827,62.437,23.736;
912.421,63.434,24.146;
910.994,64.444,24.562;
909.547,65.468,24.985;
908.079,66.506,25.414;
906.591,67.558,25.851;
905.081,68.625,26.294;
903.550,69.706,26.745;
901.997,70.801,27.202;
900.422,71.911,27.667;
898.826,73.035,28.139;
897.207,74.175,28.618;
895.566,75.329,29.105;
893.902,76.498,29.600;
892.216,77.683,30.102;
890.506,78.882,30.612;
888.773,80.097,31.130;
887.017,81.327,31.656;
885.238,82.573,32.189;
883.434,83.834,32.732;
881.607,85.111,33.282;
879.755,86.404,33.841;
877.879,87.712,34.408;
875.979,89.037,34.984;
874.054,90.377,35.569;
872.104,91.733,36.163;
870.129,93.105,36.765;
868.129,94.494,37.377;
866.104,95.899,37.998;
864.053,97.319,38.628;
861.977,98.757,39.267;
859.874,100.210,39.916;
857.746,101.680,40.574;
855.592,103.166,41.242;
853.412,104.668,41.920;
851.205,106.187,42.608;
848.972,107.723,43.306;
846.712,109.274,44.013;
844.426,110.843,44.732;
842.113,112.427,45.460;
839.773,114.028,46.199;
837.406,115.646,46.949;
835.012,117.279,47.709;
832.591,118.929,48.480;
830.143,120.596,49.262;
827.667,122.278,50.054;
825.164,123.977,50.858;
822.634,125.692,51.674;
820.077,127.423,52.500;
817.492,129.170,53.338;
814.879,130.933,54.188;
812.239,132.712,55.049;
809.572,134.506,55.922;
806.877,136.317,56.806;
804.155,138.142,57.703;
801.405,139.983,58.612;
798.628,141.839,59.533;
795.823,143.711,60.466;
792.991,145.597,61.412;
790.132,147.498,62.370;
787.246,149.414,63.340;
784.332,151.344,64.324;
781.391,153.289,65.320;
778.424,155.247,66.329;
775.429,157.220,67.351;
772.408,159.206,68.386;
769.360,161.206,69.434;
766.286,163.219,70.495;
763.185,165.245,71.570;
760.059,167.283,72.658;
756.906,169.335,73.760;
753.727,171.398,74.875;
750.523,173.473,76.004;
747.293,175.560,77.146;
744.038,177.659,78.303;
740.758,179.768,79.473;
737.454,181.889,80.658;
734.125,184.019,81.856;
730.771,186.160,83.069;
727.394,188.311,84.295;
723.993,190.470,85.537;
720.569,192.639,86.792;
717.121,194.817,88.062;
713.651,197.003,89.346;
710.158,199.197,90.645;
706.643,201.398,91.958;
703.107,203.607,93.286;
699.549,205.822,94.629;
695.970,208.044,95.986;
692.370,210.271,97.358;
688.751,212.504,98.745;
685.111,214.742,100.147;
681.452,216.984,101.564;
677.774,219.231,102.995;
674.077,221.481,104.442;
670.363,223.734,105.903;
666.630,225.990,107.380;
662.881,228.248,108.872;
659.114,230.508,110.378;
655.332,232.768,111.900;
651.534,235.030,113.437;
647.720,237.292,114.988;
643.892,239.553,116.555;
640.049,241.814,118.137;
636.193,244.073,119.734;
632.324,246.330,121.346;
628.442,248.585,122.973;
624.548,250.837,124.616;
620.642,253.085,126.273;
616.726,255.329,127.945;
612.799,257.569,129.632;
608.862,259.803,131.334;
604.916,262.032,133.052;
600.962,264.255,134.784;
