dynamics = [
0.00,4990.000,10.000,0.000;
0.10,4990.000,10.000,0.000;
0.20,4990.000,10.000,0.000;
0.30,4990.000,10.000,0.000;
0.40,4990.000,10.000,0.000;
0.50,4989.000,11.000,0.000;
0.60,4989.000,11.000,0.000;
0.70,4988.000,11.000,1.000;
0.80,4988.000,11.000,1.000;
0.90,4988.000,11.000,1.000;
1.00,4988.000,11.000,1.000;
1.10,4988.000,11.000,1.000;
1.20,4987.000,12.000,1.000;
1.30,4987.000,12.000,1.000;
1.40,4987.000,12.000,1.000;
1.50,4986.000,13.000,1.000;
1.60,4986.000,13.000,1.000;
1.70,4985.000,14.000,1.000;
1.80,4985.000,14.000,1.000;
1.90,4985.000,14.000,1.000;
2.00,4985.000,14.000,1.000;
2.10,4985.000,14.000,1.000;
2.20,4985.000,14.000,1.000;
2.30,4985.000,14.000,1.000;
2.40,4985.000,14.000,1.000;
2.50,4985.000,14.000,1.000;
2.60,4984.000,15.000,1.000;
2.70,4984.000,15.000,1.000;
2.80,4984.000,15.000,1.000;
2.90,4983.000,16.000,1.000;
3.00,4983.000,16.000,1.000;
3.10,4983.000,16.000,1.000;
3.20,4983.000,16.000,1.000;
3.30,4983.000,16.000,1.000;
3.40,4981.000,18.000,1.000;
3.50,4980.000,19.000,1.000;
3.60,4979.000,20.000,1.000;
3.70,4978.000,21.000,1.000;
3.80,4977.000,22.000,1.000;
3.90,4976.000,23.000,1.000;
4.00,4976.000,23.000,1.000;
4.10,4976.000,23.000,1.000;
4.20,4976.000,23.000,1.000;
4.30,4976.000,23.000,1.000;
4.40,4976.000,23.000,1.000;
4.50,4974.000,25.000,1.000;
4.60,4972.000,27.000,1.000;
4.70,4972.000,27.000,1.000;
4.80,4970.000,27.000,3.000;
4.90,4970.000,27.000,3.000;
5.00,4968.000,28.000,4.000;
5.10,4968.000,28.000,4.000;
5.20,4967.000,29.000,4.000;
5.30,4966.000,30.000,4.000;
5.40,4964.000,32.000,4.000;
5.50,4962.000,34.000,4.000;
5.60,4960.000,36.000,4.000;
5.70,4959.000,37.000,4.000;
5.80,4958.000,38.000,4.000;
5.90,4957.000,39.000,4.000;
6.00,4956.000,39.000,5.000;
6.10,4955.000,40.000,5.000;
6.20,4952.000,43.000,5.000;
6.30,4950.000,45.000,5.000;
6.40,4949.000,46.000,5.000;
6.50,4949.000,45.000,6.000;
6.60,4948.000,46.000,6.000;
6.70,4948.000,46.000,6.000;
6.80,4948.000,45.000,7.000;
6.90,4948.000,44.000,8.000;
7.00,4948.000,44.000,8.000;
7.10,4948.000,44.000,8.000;
7.20,4948.000,43.000,9.000;
7.30,4947.000,44.000,9.000;
7.40,4947.000,44.000,9.000;
7.50,4946.000,45.000,9.000;
7.60,4944.000,47.000,9.000;
7.70,4944.000,47.000,9.000;
7.80,4943.000,48.000,9.000;
7.90,4942.000,49.000,9.000;
8.00,4941.000,49.000,10.000;
8.10,4941.000,49.000,10.000;
8.20,4938.000,52.000,10.000;
8.30,4938.000,51.000,11.000;
8.40,4936.000,53.000,11.000;
8.50,4934.000,55.000,11.000;
8.60,4931.000,57.000,12.000;
8.70,4930.000,57.000,13.000;
8.80,4929.000,57.000,14.000;
8.90,4929.000,57.000,14.000;
9.00,4928.000,57.000,15.000;
9.10,4926.000,58.000,16.000;
9.20,4926.000,58.000,16.000;
9.30,4925.000,59.000,16.000;
9.40,4922.000,61.000,17.000;
9.50,4922.000,61.000,17.000;
9.60,4920.000,62.000,18.000;
9.70,4917.000,65.000,18.000;
9.80,4917.000,65.000,18.000;
9.90,4917.000,65.000,18.000;
10.00,4915.000,67.000,18.000;
10.10,4915.000,67.000,18.000;
10.20,4914.000,68.000,18.000;
10.30,4913.000,68.000,19.000;
10.40,4910.000,71.000,19.000;
10.50,4908.000,73.000,19.000;
10.60,4906.000,74.000,20.000;
10.70,4903.000,76.000,21.000;
10.80,4900.000,79.000,21.000;
10.90,4898.000,81.000,21.000;
11.00,4897.000,82.000,21.000;
11.10,4895.000,84.000,21.000;
11.20,4892.000,87.000,21.000;
11.30,4890.000,88.000,22.000;
11.40,4890.000,88.000,22.000;
11.50,4889.000,89.000,22.000;
11.60,4886.000,92.000,22.000;
11.70,4882.000,96.000,22.000;
11.80,4878.000,99.000,23.000;
11.90,4876.000,101.000,23.000;
12.00,4875.000,101.000,24.000;
12.10,4875.000,100.000,25.000;
12.20,4873.000,101.000,26.000;
12.30,4872.000,101.000,27.000;
12.40,4869.000,104.000,27.000;
12.50,4868.000,105.000,27.000;
12.60,4865.000,108.000,27.000;
12.70,4864.000,108.000,28.000;
12.80,4861.000,111.000,28.000;
12.90,4858.000,114.000,28.000;
13.00,4853.000,118.000,29.000;
13.10,4849.000,120.000,31.000;
13.20,4841.000,127.000,32.000;
13.30,4840.000,127.000,33.000;
13.40,4838.000,127.000,35.000;
13.50,4835.000,130.000,35.000;
13.60,4834.000,130.000,36.000;
13.70,4833.000,130.000,37.000;
13.80,4829.000,133.000,38.000;
13.90,4829.000,133.000,38.000;
14.00,4825.000,137.000,38.000;
14.10,4824.000,137.000,39.000;
14.20,4821.000,140.000,39.000;
14.30,4818.000,143.000,39.000;
14.40,4817.000,143.000,40.000;
14.50,4814.000,145.000,41.000;
14.60,4810.000,149.000,41.000;
14.70,4810.000,147.000,43.000;
14.80,4807.000,150.000,43.000;
14.90,4802.000,155.000,43.000;
15.00,4800.000,157.000,43.000;
15.10,4797.000,159.000,44.000;
15.20,4796.000,159.000,45.000;
15.30,4794.000,160.000,46.000;
15.40,4791.000,162.000,47.000;
15.50,4786.000,167.000,47.000;
15.60,4783.000,169.000,48.000;
15.70,4775.000,175.000,50.000;
15.80,4772.000,178.000,50.000;
15.90,4770.000,180.000,50.000;
16.00,4765.000,181.000,54.000;
16.10,4760.000,185.000,55.000;
16.20,4754.000,191.000,55.000;
16.30,4747.000,195.000,58.000;
16.40,4743.000,199.000,58.000;
16.50,4739.000,200.000,61.000;
16.60,4735.000,204.000,61.000;
16.70,4727.000,211.000,62.000;
16.80,4722.000,215.000,63.000;
16.90,4714.000,223.000,63.000;
17.00,4711.000,225.000,64.000;
17.10,4706.000,229.000,65.000;
17.20,4699.000,236.000,65.000;
17.30,4692.000,241.000,67.000;
17.40,4686.000,247.000,67.000;
17.50,4681.000,251.000,68.000;
17.60,4674.000,256.000,70.000;
17.70,4667.000,263.000,70.000;
17.80,4664.000,265.000,71.000;
17.90,4656.000,272.000,72.000;
18.00,4649.000,278.000,73.000;
18.10,4642.000,282.000,76.000;
18.20,4637.000,284.000,79.000;
18.30,4635.000,284.000,81.000;
18.40,4627.000,290.000,83.000;
18.50,4624.000,292.000,84.000;
18.60,4620.000,293.000,87.000;
18.70,4615.000,296.000,89.000;
18.80,4604.000,304.000,92.000;
18.90,4599.000,306.000,95.000;
19.00,4592.000,312.000,96.000;
19.10,4586.000,316.000,98.000;
19.20,4580.000,319.000,101.000;
19.30,4576.000,320.000,104.000;
19.40,4566.000,327.000,107.000;
19.50,4554.000,332.000,114.000;
19.60,4547.000,339.000,114.000;
19.70,4538.000,346.000,116.000;
19.80,4530.000,351.000,119.000;
19.90,4525.000,356.000,119.000;
20.00,4518.000,362.000,120.000;
20.10,4507.000,370.000,123.000;
20.20,4502.000,373.000,125.000;
20.30,4487.000,383.000,130.000;
20.40,4483.000,383.000,134.000;
20.50,4470.000,392.000,138.000;
20.60,4460.000,397.000,143.000;
20.70,4455.000,401.000,144.000;
20.80,4443.000,411.000,146.000;
20.90,4434.000,413.000,153.000;
21.00,4426.000,418.000,156.000;
21.10,4418.000,422.000,160.000;
21.20,4407.000,430.000,163.000;
21.30,4399.000,435.000,166.000;
21.40,4386.000,447.000,167.000;
21.50,4379.000,451.000,170.000;
21.60,4376.000,452.000,172.000;
21.70,4367.000,459.000,174.000;
21.80,4360.000,460.000,180.000;
21.90,4346.000,474.000,180.000;
22.00,4337.000,480.000,183.000;
22.10,4329.000,486.000,185.000;
22.20,4323.000,487.000,190.000;
22.30,4316.000,492.000,192.000;
22.40,4303.000,500.000,197.000;
22.50,4296.000,504.000,200.000;
22.60,4285.000,511.000,204.000;
22.70,4276.000,517.000,207.000;
22.80,4260.000,531.000,209.000;
22.90,4252.000,533.000,215.000;
23.00,4244.000,538.000,218.000;
23.10,4235.000,541.000,224.000;
23.20,4226.000,548.000,226.000;
23.30,4216.000,552.000,232.000;
23.40,4206.000,559.000,235.000;
23.50,4199.000,563.000,238.000;
23.60,4189.000,566.000,245.000;
23.70,4181.000,572.000,247.000;
23.80,4167.000,585.000,248.000;
23.90,4158.000,591.000,251.000;
24.00,4147.000,598.000,255.000;
24.10,4137.000,604.000,259.000;
24.20,4128.000,607.000,265.000;
24.30,4116.000,616.000,268.000;
24.40,4106.000,622.000,272.000;
24.50,4094.000,630.000,276.000;
24.60,4080.000,636.000,284.000;
24.70,4068.000,645.000,287.000;
24.80,4058.000,652.000,290.000;
24.90,4051.000,651.000,298.000;
25.00,4035.000,663.000,302.000;
25.10,4023.000,666.000,311.000;
25.20,4017.000,665.000,318.000;
25.30,3999.000,679.000,322.000;
25.40,3982.000,694.000,324.000;
25.50,3968.000,704.000,328.000;
25.60,3951.000,712.000,337.000;
25.70,3938.000,723.000,339.000;
25.80,3929.000,728.000,343.000;
25.90,3919.000,730.000,351.000;
26.00,3900.000,745.000,355.000;
26.10,3888.000,754.000,358.000;
26.20,3872.000,762.000,366.000;
26.30,3855.000,774.000,371.000;
