dynamics = [
0.00,4990.000,10.000,0.000;
0.10,4990.000,10.000,0.000;
0.20,4990.000,9.900,0.100;
0.30,4990.000,9.800,0.200;
0.40,4989.900,9.900,0.200;
0.50,4989.800,9.900,0.300;
0.60,4989.600,9.900,0.500;
0.70,4989.300,10.200,0.500;
0.80,4989.100,10.300,0.600;
0.90,4988.900,10.400,0.700;
1.00,4988.500,10.800,0.700;
1.10,4988.400,10.800,0.800;
1.20,4988.300,10.900,0.800;
1.30,4988.200,11.000,0.800;
1.40,4988.000,11.000,1.000;
1.50,4987.600,11.300,1.100;
1.60,4987.100,11.600,1.300;
1.70,4986.800,11.900,1.300;
1.80,4986.600,12.000,1.400;
1.90,4986.600,11.900,1.500;
2.00,4986.400,12.000,1.600;
2.10,4986.200,12.000,1.800;
2.20,4986.200,11.800,2.000;
2.30,4986.200,11.800,2.000;
2.40,4986.100,11.700,2.200;
2.50,4986.000,11.600,2.400;
2.60,4985.900,11.700,2.400;
2.70,4985.700,11.900,2.400;
2.80,4985.000,12.400,2.600;
2.90,4984.700,12.600,2.700;
3.00,4984.500,12.700,2.800;
3.10,4984.200,13.000,2.800;
3.20,4984.000,13.200,2.800;
3.30,4983.800,13.400,2.800;
3.40,4983.700,13.400,2.900;
3.50,4983.600,13.300,3.100;
3.60,4983.300,13.500,3.200;
3.70,4983.100,13.500,3.400;
3.80,4982.800,13.800,3.400;
3.90,4982.400,14.100,3.500;
4.00,4982.000,14.400,3.600;
4.10,4981.900,14.400,3.700;
4.20,4981.800,14.300,3.900;
4.30,4981.500,14.600,3.900;
4.40,4981.000,15.000,4.000;
4.50,4980.600,15.200,4.200;
4.60,4980.300,15.400,4.300;
4.70,4979.800,15.900,4.300;
4.80,4979.500,16.100,4.400;
4.90,4979.200,16.300,4.500;
5.00,4978.600,16.800,4.600;
5.10,4978.500,16.800,4.700;
5.20,4978.400,16.800,4.800;
5.30,4977.900,17.200,4.900;
5.40,4977.300,17.700,5.000;
5.50,4977.100,17.900,5.000;
5.60,4976.900,18.000,5.100;
5.70,4976.300,18.600,5.100;
5.80,4976.200,18.600,5.200;
5.90,4975.600,19.000,5.400;
6.00,4975.600,19.000,5.400;
6.10,4975.500,18.800,5.700;
6.20,4974.900,19.300,5.800;
6.30,4974.300,19.800,5.900;
6.40,4974.100,19.900,6.000;
6.50,4973.600,20.000,6.400;
6.60,4973.000,20.600,6.400;
6.70,4972.600,21.000,6.400;
6.80,4972.000,21.500,6.500;
6.90,4971.600,21.600,6.800;
7.00,4971.000,22.100,6.900;
7.10,4970.500,22.500,7.000;
7.20,4969.900,23.000,7.100;
7.30,4969.700,23.000,7.300;
7.40,4969.500,23.200,7.300;
7.50,4969.300,23.200,7.500;
7.60,4968.800,23.700,7.500;
7.70,4968.000,24.300,7.700;
7.80,4967.900,24.000,8.100;
7.90,4967.300,24.500,8.200;
8.00,4967.000,24.800,8.200;
8.10,4966.900,24.900,8.200;
8.20,4966.700,25.100,8.200;
8.30,4966.300,25.400,8.300;
8.40,4966.000,25.200,8.800;
8.50,4965.500,25.500,9.000;
8.60,4965.000,25.700,9.300;
8.70,4964.500,26.000,9.500;
8.80,4964.400,26.000,9.600;
8.90,4964.100,26.100,9.800;
9.00,4963.500,26.200,10.300;
9.10,4962.800,26.500,10.700;
9.20,4962.300,26.900,10.800;
9.30,4961.700,27.400,10.900;
9.40,4961.500,27.200,11.300;
9.50,4960.900,27.800,11.300;
9.60,4960.600,28.000,11.400;
9.70,4960.000,28.200,11.800;
9.80,4959.600,28.500,11.900;
9.90,4959.400,28.500,12.100;
10.00,4958.700,29.000,12.300;
10.10,4958.200,29.500,12.300;
10.20,4957.400,30.000,12.600;
10.30,4956.900,30.500,12.600;
10.40,4956.500,30.600,12.900;
10.50,4955.900,31.100,13.000;
10.60,4955.000,31.800,13.200;
10.70,4954.300,32.000,13.700;
10.80,4953.300,32.900,13.800;
10.90,4952.600,33.300,14.100;
11.00,4952.100,33.800,14.100;
11.10,4951.500,34.200,14.300;
11.20,4950.700,34.800,14.500;
11.30,4950.200,35.100,14.700;
11.40,4949.000,36.200,14.800;
11.50,4948.500,36.500,15.000;
11.60,4947.900,36.700,15.400;
11.70,4947.100,37.100,15.800;
11.80,4946.600,37.300,16.100;
11.90,4945.800,38.000,16.200;
12.00,4944.800,39.000,16.200;
12.10,4943.900,39.500,16.600;
12.20,4943.200,39.700,17.100;
12.30,4942.400,40.500,17.100;
12.40,4941.800,40.600,17.600;
12.50,4941.000,41.000,18.000;
12.60,4940.200,41.700,18.100;
12.70,4939.400,42.400,18.200;
12.80,4938.500,42.800,18.700;
12.90,4937.500,43.500,19.000;
13.00,4936.400,44.300,19.300;
13.10,4935.800,44.700,19.500;
13.20,4934.900,45.300,19.800;
13.30,4933.900,46.200,19.900;
13.40,4932.700,47.100,20.200;
13.50,4932.100,47.000,20.900;
13.60,4931.100,47.500,21.400;
13.70,4929.800,48.500,21.700;
13.80,4929.100,49.100,21.800;
13.90,4928.500,49.600,21.900;
14.00,4927.800,49.800,22.400;
14.10,4926.900,50.500,22.600;
14.20,4926.000,51.000,23.000;
14.30,4925.200,51.500,23.300;
14.40,4923.900,52.600,23.500;
14.50,4923.100,53.000,23.900;
14.60,4922.100,53.800,24.100;
14.70,4921.100,54.400,24.500;
14.80,4920.000,55.100,24.900;
14.90,4919.100,55.600,25.300;
15.00,4917.700,56.400,25.900;
15.10,4917.000,56.400,26.600;
15.20,4915.500,57.900,26.600;
15.30,4913.900,59.200,26.900;
15.40,4912.800,59.800,27.400;
15.50,4911.900,60.600,27.500;
15.60,4910.700,61.400,27.900;
15.70,4909.100,62.800,28.100;
15.80,4908.300,63.300,28.400;
15.90,4907.200,63.900,28.900;
16.00,4906.000,64.600,29.400;
16.10,4904.600,65.400,30.000;
16.20,4903.400,66.100,30.500;
16.30,4901.900,67.200,30.900;
16.40,4900.700,68.100,31.200;
16.50,4899.400,68.600,32.000;
16.60,4897.800,69.800,32.400;
16.70,4896.200,70.600,33.200;
16.80,4895.100,71.400,33.500;
16.90,4894.000,72.200,33.800;
17.00,4893.100,72.400,34.500;
17.10,4891.400,73.600,35.000;
17.20,4890.000,74.500,35.500;
17.30,4888.500,74.900,36.600;
17.40,4887.600,74.900,37.500;
17.50,4886.200,75.900,37.900;
17.60,4884.300,77.400,38.300;
17.70,4882.400,78.600,39.000;
17.80,4881.200,78.900,39.900;
17.90,4879.200,80.200,40.600;
18.00,4878.100,80.400,41.500;
18.10,4876.300,81.500,42.200;
18.20,4875.000,82.100,42.900;
18.30,4872.900,83.700,43.400;
18.40,4871.700,84.600,43.700;
18.50,4869.500,86.200,44.300;
18.60,4868.200,87.000,44.800;
18.70,4866.700,88.100,45.200;
18.80,4864.900,89.000,46.100;
18.90,4863.800,89.800,46.400;
19.00,4861.900,90.900,47.200;
19.10,4860.100,91.800,48.100;
19.20,4858.300,93.300,48.400;
19.30,4856.700,94.400,48.900;
19.40,4855.000,95.700,49.300;
19.50,4852.700,97.100,50.200;
19.60,4851.400,98.100,50.500;
19.70,4850.200,98.800,51.000;
19.80,4848.500,99.500,52.000;
19.90,4846.500,101.100,52.400;
20.00,4844.700,102.300,53.000;
20.10,4842.200,104.100,53.700;
20.20,4840.400,104.900,54.700;
20.30,4838.500,105.400,56.100;
20.40,4836.400,107.000,56.600;
20.50,4834.400,108.300,57.300;
20.60,4833.100,109.300,57.600;
20.70,4831.400,110.500,58.100;
20.80,4828.200,113.000,58.800;
20.90,4825.400,114.400,60.200;
21.00,4822.800,116.500,60.700;
21.10,4821.000,117.900,61.100;
21.20,4819.500,118.800,61.700;
21.30,4817.900,119.600,62.500;
21.40,4815.700,121.300,63.000;
21.50,4813.600,122.600,63.800;
21.60,4812.100,123.000,64.900;
21.70,4810.300,123.600,66.100;
21.80,4808.700,124.300,67.000;
21.90,4806.800,125.400,67.800;
22.00,4805.100,126.500,68.400;
22.10,4802.800,128.100,69.100;
22.20,4800.400,129.800,69.800;
22.30,4797.200,132.200,70.600;
22.40,4794.400,133.900,71.700;
22.50,4791.400,136.300,72.300;
22.60,4788.300,138.200,73.500;
22.70,4785.700,139.900,74.400;
22.80,4782.400,142.100,75.500;
22.90,4780.900,142.700,76.400;
23.00,4777.700,145.300,77.000;
23.10,4774.600,147.100,78.300;
23.20,4771.000,149.500,79.500;
23.30,4767.800,151.700,80.500;
23.40,4763.400,155.400,81.200;
23.50,4760.000,158.000,82.000;
23.60,4757.900,158.600,83.500;
23.70,4754.200,161.700,84.100;
23.80,4751.700,163.700,84.600;
23.90,4748.700,166.100,85.200;
24.00,4745.900,167.700,86.400;
24.10,4742.200,170.200,87.600;
24.20,4739.700,171.400,88.900;
24.30,4736.400,173.800,89.800;
24.40,4733.500,175.200,91.300;
24.50,4730.200,177.000,92.800;
24.60,4727.300,178.900,93.800;
24.70,4723.600,180.700,95.700;
24.80,4720.400,182.600,97.000;
24.90,4716.600,185.500,97.900;
25.00,4713.000,188.600,98.400;
25.10,4709.300,190.600,100.100;
25.20,4705.800,193.300,100.900;
25.30,4702.600,195.200,102.200;
25.40,4698.400,197.700,103.900;
25.50,4694.000,200.100,105.900;
25.60,4691.000,202.100,106.900;
25.70,4686.400,205.400,108.200;
25.80,4682.900,207.200,109.900;
25.90,4678.500,210.000,111.500;
26.00,4673.800,213.600,112.600;
26.10,4669.700,216.400,113.900;
26.20,4665.100,219.100,115.800;
26.30,4660.500,222.200,117.300;
26.40,4656.100,224.800,119.100;
26.50,4651.800,228.200,120.000;
26.60,4648.300,229.600,122.100;
26.70,4644.800,232.100,123.100;
26.80,4641.300,233.800,124.900;
