dynamics = [
0.00,990.000,10.000,0.000;
0.10,990.000,10.000,0.000;
0.20,990.000,9.900,0.100;
0.30,990.000,9.800,0.200;
0.40,989.900,9.900,0.200;
0.50,989.900,9.800,0.300;
0.60,989.800,9.700,0.500;
0.70,989.700,9.800,0.500;
0.80,989.300,10.100,0.600;
0.90,989.300,10.000,0.700;
1.00,989.100,10.200,0.700;
1.10,989.100,10.100,0.800;
1.20,989.000,10.200,0.800;
1.30,988.900,10.300,0.800;
1.40,988.500,10.500,1.000;
1.50,988.500,10.400,1.100;
1.60,988.200,10.500,1.300;
1.70,987.900,10.800,1.300;
1.80,987.800,10.800,1.400;
1.90,987.500,11.000,1.500;
2.00,987.500,10.900,1.600;
2.10,987.400,10.900,1.700;
2.20,987.200,10.900,1.900;
2.30,987.200,10.700,2.100;
2.40,987.200,10.600,2.200;
2.50,987.000,10.700,2.300;
2.60,986.900,10.700,2.400;
2.70,986.700,10.900,2.400;
2.80,986.400,11.000,2.600;
2.90,986.200,11.100,2.700;
3.00,985.900,11.400,2.700;
3.10,985.800,11.500,2.700;
3.20,985.600,11.600,2.800;
3.30,984.900,12.300,2.800;
3.40,984.800,12.200,3.000;
3.50,984.600,12.200,3.200;
3.60,984.400,12.300,3.300;
3.70,984.100,12.500,3.400;
3.80,983.600,13.000,3.400;
3.90,983.200,13.300,3.500;
4.00,983.000,13.400,3.600;
4.10,982.700,13.600,3.700;
4.20,982.400,13.600,4.000;
4.30,982.300,13.700,4.000;
4.40,981.900,14.000,4.100;
4.50,981.700,14.000,4.300;
4.60,981.500,14.200,4.300;
4.70,980.900,14.500,4.600;
4.80,980.700,14.600,4.700;
4.90,980.500,14.800,4.700;
5.00,980.400,14.800,4.800;
5.10,980.100,14.900,5.000;
5.20,979.800,15.200,5.000;
5.30,979.600,15.400,5.000;
5.40,979.200,15.600,5.200;
5.50,979.200,15.500,5.300;
5.60,978.900,15.700,5.400;
5.70,978.600,16.000,5.400;
5.80,978.200,16.300,5.500;
5.90,977.800,16.700,5.500;
6.00,977.700,16.800,5.500;
6.10,977.500,16.700,5.800;
6.20,977.400,16.700,5.900;
6.30,977.000,17.000,6.000;
6.40,976.800,16.900,6.300;
6.50,976.300,17.200,6.500;
6.60,976.000,17.400,6.600;
6.70,975.500,17.800,6.700;
6.80,975.300,17.900,6.800;
6.90,975.000,18.000,7.000;
7.00,974.800,18.100,7.100;
7.10,974.400,18.500,7.100;
7.20,974.200,18.700,7.100;
7.30,973.800,19.000,7.200;
7.40,973.400,19.400,7.200;
7.50,973.400,19.300,7.300;
7.60,973.300,19.400,7.300;
7.70,973.100,19.400,7.500;
7.80,972.600,19.300,8.100;
7.90,972.200,19.600,8.200;
8.00,971.600,20.100,8.300;
8.10,971.200,20.300,8.500;
8.20,970.700,20.500,8.800;
8.30,970.600,20.600,8.800;
8.40,969.800,21.100,9.100;
8.50,969.500,21.300,9.200;
8.60,969.000,21.500,9.500;
8.70,968.800,21.400,9.800;
8.80,968.400,21.700,9.900;
8.90,968.000,21.900,10.100;
9.00,967.400,22.300,10.300;
9.10,966.500,23.000,10.500;
9.20,965.900,23.400,10.700;
9.30,965.400,23.700,10.900;
9.40,964.600,24.200,11.200;
9.50,964.300,24.500,11.200;
9.60,963.800,25.000,11.200;
9.70,963.500,24.900,11.600;
9.80,963.000,25.300,11.700;
9.90,962.700,25.400,11.900;
10.00,962.100,25.800,12.100;
10.10,961.700,26.100,12.200;
10.20,960.900,26.800,12.300;
10.30,960.500,27.200,12.300;
10.40,960.300,27.100,12.600;
10.50,959.800,27.300,12.900;
10.60,959.200,27.700,13.100;
10.70,958.800,27.700,13.500;
10.80,957.900,28.400,13.700;
10.90,957.400,28.600,14.000;
11.00,956.600,29.300,14.100;
11.10,956.100,29.700,14.200;
11.20,955.600,30.200,14.200;
11.30,955.400,30.300,14.300;
11.40,954.300,31.300,14.400;
11.50,953.800,31.600,14.600;
11.60,953.200,32.200,14.600;
11.70,952.900,32.200,14.900;
11.80,952.700,32.300,15.000;
11.90,952.600,32.300,15.100;
12.00,952.200,32.400,15.400;
12.10,951.600,32.800,15.600;
12.20,950.900,33.400,15.700;
12.30,950.500,33.800,15.700;
12.40,949.900,34.300,15.800;
12.50,949.200,34.800,16.000;
12.60,948.700,35.000,16.300;
12.70,947.900,35.700,16.400;
12.80,947.600,35.700,16.700;
12.90,946.900,35.900,17.200;
13.00,946.400,36.200,17.400;
13.10,945.500,37.000,17.500;
13.20,944.900,37.300,17.800;
13.30,943.600,38.500,17.900;
13.40,942.900,38.700,18.400;
13.50,942.600,38.900,18.500;
13.60,941.700,39.500,18.800;
13.70,941.300,39.600,19.100;
13.80,940.200,40.400,19.400;
13.90,939.700,40.800,19.500;
14.00,938.700,41.600,19.700;
14.10,938.200,41.800,20.000;
14.20,937.100,42.400,20.500;
14.30,936.500,42.700,20.800;
14.40,935.900,43.000,21.100;
14.50,934.900,43.500,21.600;
14.60,934.000,44.200,21.800;
14.70,933.100,44.600,22.300;
14.80,932.300,45.300,22.400;
14.90,931.400,46.000,22.600;
15.00,930.600,46.300,23.100;
15.10,929.800,46.400,23.800;
15.20,928.900,46.900,24.200;
15.30,927.800,47.800,24.400;
15.40,927.300,48.000,24.700;
15.50,926.700,48.300,25.000;
15.60,926.000,48.800,25.200;
15.70,925.000,49.700,25.300;
15.80,923.800,50.700,25.500;
15.90,923.200,51.100,25.700;
16.00,922.700,51.100,26.200;
16.10,921.400,52.100,26.500;
16.20,920.700,52.600,26.700;
16.30,919.500,53.600,26.900;
16.40,918.800,53.800,27.400;
16.50,917.700,54.400,27.900;
16.60,916.600,55.000,28.400;
16.70,915.400,55.800,28.800;
16.80,914.800,55.900,29.300;
16.90,913.800,56.600,29.600;
17.00,912.500,57.800,29.700;
17.10,912.200,57.800,30.000;
17.20,911.200,58.600,30.200;
17.30,910.000,59.300,30.700;
17.40,908.900,59.700,31.400;
17.50,907.900,60.200,31.900;
17.60,907.000,60.600,32.400;
17.70,905.700,61.100,33.200;
17.80,904.900,61.600,33.500;
17.90,904.000,61.900,34.100;
18.00,903.100,62.700,34.200;
18.10,902.100,63.600,34.300;
18.20,901.000,64.500,34.500;
18.30,899.900,65.000,35.100;
18.40,899.100,65.400,35.500;
18.50,897.900,66.000,36.100;
18.60,896.200,67.200,36.600;
18.70,894.900,67.800,37.300;
18.80,894.300,68.000,37.700;
18.90,893.000,68.900,38.100;
19.00,891.800,69.500,38.700;
19.10,890.700,69.800,39.500;
19.20,889.800,70.500,39.700;
19.30,888.900,71.000,40.100;
19.40,887.400,72.200,40.400;
19.50,886.400,72.500,41.100;
19.60,885.000,73.100,41.900;
19.70,883.900,73.400,42.700;
19.80,882.200,74.400,43.400;
19.90,880.900,75.300,43.800;
20.00,880.000,75.600,44.400;
20.10,878.800,76.200,45.000;
20.20,877.200,77.200,45.600;
20.30,875.800,77.800,46.400;
20.40,875.100,78.000,46.900;
20.50,874.200,78.300,47.500;
20.60,872.900,79.200,47.900;
20.70,871.100,80.400,48.500;
20.80,869.600,81.400,49.000;
20.90,868.300,82.200,49.500;
21.00,867.700,82.200,50.100;
21.10,866.100,83.200,50.700;
21.20,864.800,84.000,51.200;
21.30,863.700,84.700,51.600;
21.40,862.300,85.600,52.100;
21.50,861.100,86.400,52.500;
21.60,860.000,87.300,52.700;
21.70,858.000,89.000,53.000;
21.80,856.500,90.200,53.300;
21.90,855.300,90.900,53.800;
22.00,854.000,91.600,54.400;
22.10,853.000,92.200,54.800;
22.20,850.900,94.000,55.100;
22.30,848.900,95.200,55.900;
22.40,846.700,97.000,56.300;
22.50,845.200,98.000,56.800;
22.60,844.100,98.900,57.000;
22.70,843.200,99.200,57.600;
22.80,841.800,100.000,58.200;
22.90,839.000,102.400,58.600;
23.00,837.300,103.300,59.400;
23.10,835.600,103.100,61.300;
23.20,834.200,103.700,62.100;
23.30,832.400,104.500,63.100;
23.40,830.900,104.800,64.300;
23.50,829.600,105.500,64.900;
23.60,827.800,107.200,65.000;
23.70,825.400,108.900,65.700;
23.80,823.200,110.700,66.100;
23.90,821.400,111.500,67.100;
24.00,819.300,112.900,67.800;
24.10,816.000,115.500,68.500;
24.20,813.700,116.900,69.400;
24.30,812.100,117.500,70.400;
24.40,810.300,119.000,70.700;
24.50,808.700,119.900,71.400;
24.60,807.000,120.300,72.700;
24.70,805.100,121.300,73.600;
24.80,803.500,122.500,74.000;
24.90,801.200,124.200,74.600;
25.00,799.300,125.800,74.900;
25.10,796.600,127.800,75.600;
25.20,794.500,129.200,76.300;
25.30,791.700,131.300,77.000;
25.40,789.300,133.100,77.600;
25.50,788.000,132.900,79.100;
25.60,785.300,134.700,80.000;
25.70,783.500,136.000,80.500;
25.80,781.700,136.600,81.700;
25.90,780.000,137.300,82.700;
26.00,778.500,137.700,83.800;
26.10,776.800,138.800,84.400;
26.20,774.000,141.000,85.000;
26.30,771.600,142.300,86.100;
26.40,769.200,143.800,87.000;
26.50,767.400,144.700,87.900;
26.60,766.000,145.500,88.500;
26.70,764.000,146.600,89.400;
26.80,761.400,148.000,90.600;
26.90,759.300,148.700,92.000;
27.00,757.400,149.700,92.900;
27.10,755.400,150.300,94.300;
27.20,753.200,152.000,94.800;
27.30,750.500,154.000,95.500;
27.40,748.300,155.300,96.400;
27.50,745.800,156.800,97.400;
27.60,743.600,157.500,98.900;
27.70,740.500,159.700,99.800;
27.80,738.800,160.100,101.100;
27.90,737.200,160.800,102.000;
