dynamics = [
0.00,999.000,1.000,0.000;
0.50,999.000,1.000,0.000;
1.00,999.000,1.000,0.000;
1.50,999.000,1.000,0.000;
2.00,999.000,1.000,0.000;
2.50,999.000,1.000,0.000;
3.00,999.000,1.000,0.000;
3.50,999.000,1.000,0.000;
4.00,999.000,1.000,0.000;
4.50,999.000,1.000,0.000;
5.00,999.000,1.000,0.000;
5.50,999.000,1.000,0.000;
6.00,999.000,1.000,0.000;
6.50,999.000,1.000,0.000;
7.00,999.000,1.000,0.000;
7.50,999.000,1.000,0.000;
8.00,999.000,1.000,0.000;
8.50,999.000,1.000,0.000;
9.00,999.000,1.000,0.000;
9.50,999.000,1.000,0.000;
10.00,999.000,1.000,0.000;
10.50,999.000,1.000,0.000;
11.00,999.000,1.000,0.000;
11.50,999.000,1.000,0.000;
12.00,999.000,1.000,0.000;
12.50,999.000,1.000,0.000;
13.00,998.000,2.000,0.000;
13.50,998.000,2.000,0.000;
14.00,998.000,2.000,0.000;
14.50,998.000,2.000,0.000;
15.00,998.000,2.000,0.000;
15.50,998.000,2.000,0.000;
16.00,998.000,2.000,0.000;
16.50,998.000,2.000,0.000;
17.00,998.000,2.000,0.000;
17.50,998.000,2.000,0.000;
18.00,998.000,2.000,0.000;
18.50,998.000,2.000,0.000;
19.00,998.000,2.000,0.000;
19.50,998.000,2.000,0.000;
20.00,998.000,2.000,0.000;
20.50,998.000,2.000,0.000;
21.00,998.000,2.000,0.000;
21.50,998.000,2.000,0.000;
22.00,998.000,2.000,0.000;
22.50,998.000,2.000,0.000;
23.00,998.000,2.000,0.000;
23.50,998.000,2.000,0.000;
24.00,998.000,2.000,0.000;
24.50,998.000,2.000,0.000;
25.00,998.000,2.000,0.000;
25.50,998.000,2.000,0.000;
26.00,998.000,2.000,0.000;
26.50,997.000,3.000,0.000;
27.00,997.000,3.000,0.000;
27.50,997.000,3.000,0.000;
28.00,997.000,3.000,0.000;
28.50,997.000,3.000,0.000;
29.00,997.000,3.000,0.000;
29.50,997.000,3.000,0.000;
30.00,997.000,3.000,0.000;
30.50,997.000,3.000,0.000;
31.00,997.000,3.000,0.000;
31.50,997.000,3.000,0.000;
32.00,997.000,3.000,0.000;
32.50,997.000,3.000,0.000;
33.00,997.000,3.000,0.000;
33.50,997.000,3.000,0.000;
34.00,997.000,3.000,0.000;
34.50,996.000,4.000,0.000;
35.00,996.000,4.000,0.000;
35.50,996.000,3.000,1.000;
36.00,996.000,3.000,1.000;
36.50,996.000,3.000,1.000;
37.00,995.000,4.000,1.000;
37.50,995.000,4.000,1.000;
38.00,995.000,4.000,1.000;
38.50,995.000,4.000,1.000;
39.00,994.000,5.000,1.000;
39.50,994.000,5.000,1.000;
40.00,994.000,5.000,1.000;
40.50,994.000,5.000,1.000;
41.00,994.000,5.000,1.000;
41.50,992.000,7.000,1.000;
42.00,991.000,8.000,1.000;
42.50,991.000,8.000,1.000;
43.00,991.000,8.000,1.000;
43.50,990.000,9.000,1.000;
44.00,990.000,9.000,1.000;
44.50,990.000,9.000,1.000;
45.00,990.000,9.000,1.000;
45.50,990.000,9.000,1.000;
46.00,990.000,8.000,2.000;
46.50,990.000,8.000,2.000;
47.00,990.000,7.000,3.000;
47.50,990.000,7.000,3.000;
48.00,990.000,6.000,4.000;
48.50,989.000,7.000,4.000;
49.00,989.000,6.000,5.000;
49.50,988.000,7.000,5.000;
50.00,988.000,7.000,5.000;
50.50,988.000,7.000,5.000;
51.00,987.000,8.000,5.000;
51.50,987.000,8.000,5.000;
52.00,987.000,8.000,5.000;
52.50,987.000,7.000,6.000;
53.00,987.000,7.000,6.000;
53.50,987.000,7.000,6.000;
54.00,987.000,7.000,6.000;
54.50,987.000,7.000,6.000;
55.00,987.000,7.000,6.000;
55.50,987.000,7.000,6.000;
56.00,987.000,7.000,6.000;
56.50,987.000,7.000,6.000;
57.00,986.000,8.000,6.000;
57.50,985.000,8.000,7.000;
58.00,985.000,8.000,7.000;
58.50,985.000,8.000,7.000;
59.00,985.000,8.000,7.000;
59.50,985.000,8.000,7.000;
60.00,985.000,7.000,8.000;
60.50,984.000,8.000,8.000;
61.00,982.000,9.000,9.000;
61.50,982.000,7.000,11.000;
62.00,981.000,8.000,11.000;
62.50,981.000,8.000,11.000;
63.00,981.000,8.000,11.000;
63.50,981.000,8.000,11.000;
64.00,981.000,8.000,11.000;
64.50,981.000,8.000,11.000;
65.00,981.000,8.000,11.000;
65.50,981.000,8.000,11.000;
66.00,981.000,8.000,11.000;
66.50,981.000,7.000,12.000;
67.00,979.000,9.000,12.000;
67.50,978.000,10.000,12.000;
68.00,978.000,9.000,13.000;
68.50,977.000,10.000,13.000;
69.00,977.000,10.000,13.000;
69.50,977.000,10.000,13.000;
70.00,977.000,10.000,13.000;
70.50,976.000,11.000,13.000;
71.00,976.000,11.000,13.000;
71.50,976.000,11.000,13.000;
72.00,976.000,11.000,13.000;
72.50,976.000,10.000,14.000;
73.00,976.000,8.000,16.000;
73.50,975.000,9.000,16.000;
74.00,975.000,8.000,17.000;
74.50,975.000,8.000,17.000;
75.00,972.000,11.000,17.000;
75.50,971.000,12.000,17.000;
76.00,970.000,13.000,17.000;
76.50,969.000,14.000,17.000;
77.00,969.000,13.000,18.000;
77.50,968.000,14.000,18.000;
78.00,967.000,13.000,20.000;
78.50,967.000,13.000,20.000;
79.00,967.000,13.000,20.000;
79.50,967.000,12.000,21.000;
80.00,967.000,12.000,21.000;
80.50,967.000,12.000,21.000;
81.00,966.000,13.000,21.000;
81.50,965.000,14.000,21.000;
82.00,964.000,14.000,22.000;
82.50,963.000,15.000,22.000;
83.00,962.000,16.000,22.000;
83.50,961.000,17.000,22.000;
84.00,960.000,18.000,22.000;
84.50,960.000,17.000,23.000;
85.00,960.000,16.000,24.000;
85.50,960.000,14.000,26.000;
86.00,959.000,15.000,26.000;
86.50,958.000,14.000,28.000;
87.00,958.000,14.000,28.000;
87.50,956.000,16.000,28.000;
88.00,954.000,18.000,28.000;
88.50,953.000,18.000,29.000;
89.00,952.000,19.000,29.000;
89.50,952.000,18.000,30.000;
90.00,952.000,18.000,30.000;
90.50,950.000,20.000,30.000;
91.00,948.000,21.000,31.000;
91.50,948.000,20.000,32.000;
92.00,947.000,21.000,32.000;
92.50,947.000,20.000,33.000;
93.00,947.000,19.000,34.000;
93.50,947.000,19.000,34.000;
94.00,946.000,20.000,34.000;
94.50,945.000,20.000,35.000;
95.00,944.000,21.000,35.000;
95.50,941.000,23.000,36.000;
96.00,940.000,23.000,37.000;
96.50,940.000,23.000,37.000;
97.00,940.000,23.000,37.000;
97.50,939.000,24.000,37.000;
98.00,939.000,24.000,37.000;
98.50,937.000,26.000,37.000;
99.00,937.000,26.000,37.000;
99.50,937.000,25.000,38.000;
100.00,937.000,24.000,39.000;
100.50,936.000,24.000,40.000;
101.00,935.000,24.000,41.000;
101.50,934.000,23.000,43.000;
102.00,933.000,24.000,43.000;
102.50,932.000,25.000,43.000;
103.00,932.000,24.000,44.000;
103.50,930.000,25.000,45.000;
104.00,930.000,24.000,46.000;
104.50,929.000,25.000,46.000;
105.00,929.000,22.000,49.000;
105.50,929.000,18.000,53.000;
106.00,928.000,19.000,53.000;
106.50,928.000,19.000,53.000;
107.00,928.000,19.000,53.000;
107.50,927.000,20.000,53.000;
108.00,927.000,20.000,53.000;
108.50,927.000,20.000,53.000;
109.00,924.000,22.000,54.000;
109.50,922.000,23.000,55.000;
110.00,919.000,26.000,55.000;
110.50,918.000,23.000,59.000;
111.00,918.000,20.000,62.000;
111.50,918.000,20.000,62.000;
112.00,917.000,21.000,62.000;
112.50,915.000,22.000,63.000;
113.00,913.000,23.000,64.000;
113.50,912.000,22.000,66.000;
114.00,910.000,23.000,67.000;
114.50,908.000,25.000,67.000;
115.00,908.000,25.000,67.000;
115.50,907.000,25.000,68.000;
116.00,906.000,26.000,68.000;
116.50,906.000,23.000,71.000;
117.00,904.000,23.000,73.000;
117.50,903.000,23.000,74.000;
118.00,901.000,24.000,75.000;
118.50,900.000,24.000,76.000;
119.00,898.000,24.000,78.000;
119.50,898.000,23.000,79.000;
120.00,895.000,26.000,79.000;
120.50,895.000,24.000,81.000;
121.00,894.000,25.000,81.000;
121.50,893.000,25.000,82.000;
122.00,893.000,24.000,83.000;
122.50,891.000,26.000,83.000;
123.00,889.000,28.000,83.000;
123.50,888.000,28.000,84.000;
124.00,885.000,31.000,84.000;
124.50,885.000,31.000,84.000;
125.00,884.000,32.000,84.000;
125.50,880.000,33.000,87.000;
126.00,879.000,33.000,88.000;
126.50,879.000,31.000,90.000;
127.00,878.000,30.000,92.000;
127.50,877.000,30.000,93.000;
128.00,875.000,31.000,94.000;
128.50,872.000,33.000,95.000;
129.00,870.000,35.000,95.000;
129.50,870.000,34.000,96.000;
130.00,867.000,36.000,97.000;
130.50,865.000,38.000,97.000;
131.00,863.000,40.000,97.000;
131.50,862.000,41.000,97.000;
132.00,861.000,40.000,99.000;
132.50,859.000,39.000,102.000;
133.00,857.000,39.000,104.000;
133.50,855.000,41.000,104.000;
134.00,851.000,44.000,105.000;
134.50,851.000,40.000,109.000;
135.00,849.000,40.000,111.000;
135.50,849.000,37.000,114.000;
136.00,849.000,35.000,116.000;
136.50,848.000,35.000,117.000;
137.00,847.000,31.000,122.000;
137.50,847.000,31.000,122.000;
138.00,846.000,32.000,122.000;
138.50,844.000,33.000,123.000;
139.00,843.000,34.000,123.000;
139.50,842.000,34.000,124.000;
140.00,842.000,34.000,124.000;
