dynamics = [
0.00,90.000,10.000,0.000;
0.10,90.000,10.000,0.000;
0.20,90.000,9.900,0.100;
0.30,90.000,9.800,0.200;
0.40,89.900,9.900,0.200;
0.50,89.900,9.800,0.300;
0.60,89.800,9.700,0.500;
0.70,89.800,9.700,0.500;
0.80,89.600,9.800,0.600;
0.90,89.600,9.700,0.700;
1.00,89.600,9.700,0.700;
1.10,89.400,9.800,0.800;
1.20,89.300,9.900,0.800;
1.30,89.300,9.900,0.800;
1.40,89.300,9.700,1.000;
1.50,89.100,9.800,1.100;
1.60,89.000,9.700,1.300;
1.70,88.900,9.800,1.300;
1.80,88.800,9.800,1.400;
1.90,88.700,9.800,1.500;
2.00,88.500,9.900,1.600;
2.10,88.100,10.200,1.700;
2.20,88.100,10.000,1.900;
2.30,88.000,10.100,1.900;
2.40,87.900,10.100,2.000;
2.50,87.700,10.200,2.100;
2.60,87.700,10.100,2.200;
2.70,87.700,10.100,2.200;
2.80,87.600,10.000,2.400;
2.90,87.400,10.100,2.500;
3.00,87.100,10.400,2.500;
3.10,87.000,10.500,2.500;
3.20,86.800,10.700,2.500;
3.30,86.500,11.000,2.500;
3.40,86.300,11.200,2.500;
3.50,85.900,11.400,2.700;
3.60,85.900,11.300,2.800;
3.70,85.800,11.300,2.900;
3.80,85.300,11.700,3.000;
3.90,85.100,11.800,3.100;
4.00,84.800,12.000,3.200;
4.10,84.800,11.900,3.300;
4.20,84.600,11.900,3.500;
4.30,84.400,12.100,3.500;
4.40,84.000,12.400,3.600;
4.50,83.900,12.300,3.800;
4.60,83.400,12.800,3.800;
4.70,83.200,13.000,3.800;
4.80,83.200,13.000,3.800;
4.90,83.100,13.100,3.800;
5.00,82.800,13.300,3.900;
5.10,82.800,13.200,4.000;
5.20,82.400,13.500,4.100;
5.30,82.300,13.600,4.100;
5.40,82.300,13.500,4.200;
5.50,82.100,13.700,4.200;
5.60,82.100,13.600,4.300;
5.70,82.000,13.600,4.400;
5.80,82.000,13.600,4.400;
5.90,82.000,13.600,4.400;
6.00,81.600,13.900,4.500;
6.10,81.400,14.000,4.600;
6.20,81.100,14.200,4.700;
6.30,80.800,14.400,4.800;
6.40,80.200,14.900,4.900;
6.50,79.900,14.900,5.200;
6.60,79.500,15.300,5.200;
6.70,79.300,15.500,5.200;
6.80,78.900,15.800,5.300;
6.90,78.900,15.700,5.400;
7.00,78.700,15.800,5.500;
7.10,78.600,15.800,5.600;
7.20,78.300,16.100,5.600;
7.30,78.100,16.200,5.700;
7.40,77.900,16.300,5.800;
7.50,77.800,16.200,6.000;
7.60,77.500,16.400,6.100;
7.70,77.400,16.400,6.200;
7.80,77.300,16.000,6.700;
7.90,76.900,16.300,6.800;
8.00,76.800,16.400,6.800;
8.10,76.300,16.800,6.900;
8.20,75.700,17.300,7.000;
8.30,75.400,17.300,7.300;
8.40,74.800,17.600,7.600;
8.50,74.700,17.600,7.700;
8.60,74.700,17.300,8.000;
8.70,74.600,17.400,8.000;
8.80,74.200,17.600,8.200;
8.90,73.800,17.900,8.300;
9.00,73.400,18.000,8.600;
9.10,73.000,18.400,8.600;
9.20,72.900,18.300,8.800;
9.30,72.600,18.600,8.800;
9.40,72.200,19.000,8.800;
9.50,72.100,19.100,8.800;
9.60,71.700,19.400,8.900;
9.70,71.500,19.300,9.200;
9.80,71.000,19.700,9.300;
9.90,70.600,20.000,9.400;
10.00,70.200,20.300,9.500;
10.10,70.200,20.300,9.500;
10.20,69.500,20.800,9.700;
10.30,69.300,20.800,9.900;
10.40,68.600,21.300,10.100;
10.50,68.600,21.200,10.200;
10.60,68.500,20.700,10.800;
10.70,68.300,20.500,11.200;
10.80,68.000,20.700,11.300;
10.90,67.600,20.900,11.500;
11.00,67.000,21.500,11.500;
11.10,67.000,21.500,11.500;
11.20,67.000,21.500,11.500;
11.30,66.800,21.500,11.700;
11.40,66.500,21.600,11.900;
11.50,66.400,21.700,11.900;
11.60,66.000,21.900,12.100;
11.70,65.900,21.500,12.600;
11.80,65.600,21.700,12.700;
11.90,65.300,22.000,12.700;
12.00,65.200,21.800,13.000;
12.10,65.100,21.600,13.300;
12.20,64.900,21.700,13.400;
12.30,64.800,21.600,13.600;
12.40,64.600,21.500,13.900;
12.50,64.500,21.000,14.500;
12.60,64.400,21.000,14.600;
12.70,64.300,21.100,14.600;
12.80,64.100,21.200,14.700;
12.90,63.900,21.100,15.000;
13.00,63.500,21.300,15.200;
13.10,63.300,21.200,15.500;
13.20,63.100,21.200,15.700;
13.30,63.000,21.200,15.800;
13.40,62.600,21.400,16.000;
13.50,62.600,21.200,16.200;
13.60,62.600,21.000,16.400;
13.70,62.000,21.400,16.600;
13.80,61.600,21.800,16.600;
13.90,61.300,22.000,16.700;
14.00,61.100,22.100,16.800;
14.10,61.000,21.800,17.200;
14.20,60.800,21.900,17.300;
14.30,60.400,22.100,17.500;
14.40,60.200,22.300,17.500;
14.50,59.800,22.600,17.600;
14.60,59.700,22.700,17.600;
14.70,59.300,22.900,17.800;
14.80,58.800,23.200,18.000;
14.90,58.600,23.300,18.100;
15.00,58.300,23.600,18.100;
15.10,57.900,23.700,18.400;
15.20,57.800,23.800,18.400;
15.30,57.500,23.900,18.600;
15.40,57.300,23.900,18.800;
15.50,57.300,23.800,18.900;
15.60,56.700,24.100,19.200;
15.70,56.600,23.900,19.500;
15.80,56.000,24.500,19.500;
15.90,55.600,24.600,19.800;
16.00,55.400,24.600,20.000;
16.10,55.200,24.400,20.400;
16.20,54.800,24.500,20.700;
16.30,54.300,24.900,20.800;
16.40,54.000,25.000,21.000;
16.50,53.700,25.200,21.100;
16.60,53.100,25.800,21.100;
16.70,52.900,25.800,21.300;
16.80,52.700,26.000,21.300;
16.90,52.200,25.800,22.000;
17.00,51.700,26.200,22.100;
17.10,51.400,26.500,22.100;
17.20,51.000,26.600,22.400;
17.30,50.900,26.400,22.700;
17.40,50.400,26.600,23.000;
17.50,50.100,26.700,23.200;
17.60,49.900,26.400,23.700;
17.70,49.600,26.300,24.100;
17.80,49.200,26.400,24.400;
17.90,48.700,26.800,24.500;
18.00,48.700,26.600,24.700;
18.10,48.500,26.600,24.900;
18.20,48.300,26.500,25.200;
18.30,48.000,26.600,25.400;
18.40,47.800,26.600,25.600;
18.50,47.600,26.600,25.800;
18.60,47.300,26.500,26.200;
18.70,46.800,26.900,26.300;
18.80,46.600,26.900,26.500;
18.90,46.100,27.200,26.700;
19.00,45.900,27.100,27.000;
19.10,45.900,26.900,27.200;
19.20,45.500,27.100,27.400;
19.30,45.500,27.000,27.500;
19.40,45.200,26.700,28.100;
19.50,45.100,26.800,28.100;
19.60,45.100,26.800,28.100;
19.70,44.900,26.800,28.300;
19.80,44.800,26.700,28.500;
19.90,44.800,26.700,28.500;
20.00,44.300,27.100,28.600;
20.10,44.100,27.200,28.700;
20.20,43.700,27.500,28.800;
20.30,43.600,27.200,29.200;
20.40,43.400,27.200,29.400;
20.50,43.300,27.000,29.700;
20.60,43.100,26.700,30.200;
20.70,42.800,26.900,30.300;
20.80,42.600,26.800,30.600;
20.90,42.300,26.800,30.900;
21.00,42.000,26.900,31.100;
21.10,41.200,27.600,31.200;
21.20,41.000,27.300,31.700;
21.30,41.000,27.100,31.900;
21.40,40.900,27.200,31.900;
21.50,40.600,27.300,32.100;
21.60,40.400,26.800,32.800;
21.70,40.300,26.700,33.000;
21.80,40.300,26.500,33.200;
21.90,40.000,26.600,33.400;
22.00,40.000,26.400,33.600;
22.10,39.700,26.500,33.800;
22.20,39.500,26.700,33.800;
22.30,39.000,27.100,33.900;
22.40,38.900,27.200,33.900;
22.50,38.700,27.300,34.000;
22.60,38.300,27.400,34.300;
22.70,38.100,27.200,34.700;
22.80,38.000,27.200,34.800;
22.90,37.800,27.400,34.800;
23.00,37.500,27.500,35.000;
23.10,37.300,27.200,35.500;
23.20,36.900,27.600,35.500;
23.30,36.700,27.600,35.700;
23.40,36.400,27.700,35.900;
23.50,36.100,27.900,36.000;
23.60,35.900,27.800,36.300;
23.70,35.600,27.800,36.600;
23.80,35.400,27.800,36.800;
23.90,35.300,27.900,36.800;
24.00,35.300,27.700,37.000;
24.10,35.000,27.900,37.100;
24.20,34.900,27.700,37.400;
24.30,34.900,27.400,37.700;
24.40,34.800,27.400,37.800;
24.50,34.300,27.900,37.800;
24.60,34.300,27.800,37.900;
24.70,34.200,27.600,38.200;
24.80,34.000,27.400,38.600;
24.90,33.900,27.400,38.700;
25.00,33.700,27.400,38.900;
25.10,33.600,27.300,39.100;
25.20,33.300,27.600,39.100;
25.30,33.100,27.500,39.400;
25.40,32.900,27.300,39.800;
25.50,32.800,27.100,40.100;
25.60,32.800,27.000,40.200;
25.70,32.600,27.000,40.400;
25.80,32.600,26.700,40.700;
25.90,32.500,26.400,41.100;
26.00,32.500,26.300,41.200;
26.10,32.300,26.400,41.300;
26.20,32.100,26.500,41.400;
26.30,31.900,26.500,41.600;
26.40,31.900,26.300,41.800;
26.50,31.900,26.300,41.800;
26.60,31.700,26.100,42.200;
26.70,31.700,26.100,42.200;
26.80,31.500,26.100,42.400;
26.90,31.500,26.000,42.500;
27.00,31.300,26.000,42.700;
27.10,31.200,26.000,42.800;
27.20,31.100,25.900,43.000;
27.30,31.000,25.700,43.300;
27.40,31.000,25.600,43.400;
27.50,30.900,25.400,43.700;
27.60,30.700,25.500,43.800;
27.70,30.600,25.400,44.000;
27.80,30.300,25.500,44.200;
27.90,30.100,25.600,44.300;
28.00,29.800,25.900,44.300;
28.10,29.600,26.100,44.300;
28.20,29.300,26.100,44.600;
28.30,29.200,26.000,44.800;
28.40,29.200,25.700,45.100;
28.50,29.200,25.600,45.200;
28.60,29.000,25.700,45.300;
28.70,29.000,25.500,45.500;
28.80,28.900,25.500,45.600;
28.90,28.700,25.400,45.900;
29.00,28.500,25.400,46.100;
29.10,28.500,25.400,46.100;
29.20,28.100,25.500,46.400;
