dynamics = [
0.00,99.000,1.000,0.000;
0.10,99.000,1.000,0.000;
0.20,99.000,1.000,0.000;
0.30,99.000,1.000,0.000;
0.40,99.000,1.000,0.000;
0.50,99.000,1.000,0.000;
0.60,99.000,1.000,0.000;
0.70,99.000,1.000,0.000;
0.80,99.000,1.000,0.000;
0.90,99.000,1.000,0.000;
1.00,99.000,1.000,0.000;
1.10,99.000,1.000,0.000;
1.20,99.000,1.000,0.000;
1.30,99.000,1.000,0.000;
1.40,99.000,1.000,0.000;
1.50,99.000,1.000,0.000;
1.60,99.000,1.000,0.000;
1.70,99.000,1.000,0.000;
1.80,99.000,1.000,0.000;
1.90,99.000,1.000,0.000;
2.00,99.000,1.000,0.000;
2.10,99.000,1.000,0.000;
2.20,99.000,1.000,0.000;
2.30,99.000,1.000,0.000;
2.40,99.000,1.000,0.000;
2.50,99.000,1.000,0.000;
2.60,99.000,1.000,0.000;
2.70,99.000,1.000,0.000;
2.80,99.000,1.000,0.000;
2.90,99.000,1.000,0.000;
3.00,99.000,1.000,0.000;
3.10,99.000,1.000,0.000;
3.20,99.000,1.000,0.000;
3.30,99.000,1.000,0.000;
3.40,99.000,1.000,0.000;
3.50,99.000,1.000,0.000;
3.60,99.000,1.000,0.000;
3.70,98.000,2.000,0.000;
3.80,98.000,2.000,0.000;
3.90,98.000,2.000,0.000;
4.00,98.000,2.000,0.000;
4.10,98.000,2.000,0.000;
4.20,98.000,2.000,0.000;
4.30,98.000,2.000,0.000;
4.40,98.000,2.000,0.000;
4.50,97.000,3.000,0.000;
4.60,97.000,3.000,0.000;
4.70,97.000,3.000,0.000;
4.80,97.000,3.000,0.000;
4.90,97.000,3.000,0.000;
5.00,97.000,3.000,0.000;
5.10,97.000,3.000,0.000;
5.20,97.000,3.000,0.000;
5.30,97.000,3.000,0.000;
5.40,97.000,3.000,0.000;
5.50,97.000,3.000,0.000;
5.60,97.000,3.000,0.000;
5.70,97.000,3.000,0.000;
5.80,97.000,3.000,0.000;
5.90,97.000,3.000,0.000;
6.00,97.000,3.000,0.000;
6.10,97.000,3.000,0.000;
6.20,97.000,3.000,0.000;
6.30,97.000,3.000,0.000;
6.40,97.000,3.000,0.000;
6.50,97.000,3.000,0.000;
6.60,97.000,3.000,0.000;
6.70,96.000,4.000,0.000;
6.80,96.000,4.000,0.000;
6.90,95.000,5.000,0.000;
7.00,95.000,5.000,0.000;
7.10,95.000,5.000,0.000;
7.20,95.000,5.000,0.000;
7.30,95.000,5.000,0.000;
7.40,95.000,5.000,0.000;
7.50,95.000,5.000,0.000;
7.60,95.000,5.000,0.000;
7.70,95.000,5.000,0.000;
7.80,95.000,5.000,0.000;
7.90,95.000,5.000,0.000;
8.00,95.000,5.000,0.000;
8.10,95.000,5.000,0.000;
8.20,95.000,5.000,0.000;
8.30,95.000,5.000,0.000;
8.40,95.000,5.000,0.000;
8.50,95.000,5.000,0.000;
8.60,95.000,5.000,0.000;
8.70,95.000,5.000,0.000;
8.80,95.000,5.000,0.000;
8.90,95.000,5.000,0.000;
9.00,94.000,5.000,1.000;
9.10,94.000,5.000,1.000;
9.20,93.000,6.000,1.000;
9.30,93.000,6.000,1.000;
9.40,93.000,6.000,1.000;
9.50,93.000,6.000,1.000;
9.60,93.000,6.000,1.000;
9.70,93.000,6.000,1.000;
9.80,93.000,6.000,1.000;
9.90,93.000,6.000,1.000;
10.00,93.000,6.000,1.000;
10.10,92.000,7.000,1.000;
10.20,92.000,7.000,1.000;
10.30,92.000,7.000,1.000;
10.40,92.000,7.000,1.000;
10.50,91.000,8.000,1.000;
10.60,91.000,8.000,1.000;
10.70,91.000,8.000,1.000;
10.80,91.000,8.000,1.000;
10.90,91.000,8.000,1.000;
11.00,91.000,8.000,1.000;
11.10,91.000,8.000,1.000;
11.20,91.000,8.000,1.000;
11.30,91.000,8.000,1.000;
11.40,91.000,8.000,1.000;
11.50,91.000,8.000,1.000;
11.60,90.000,9.000,1.000;
11.70,89.000,10.000,1.000;
11.80,89.000,10.000,1.000;
11.90,88.000,11.000,1.000;
12.00,88.000,11.000,1.000;
12.10,88.000,11.000,1.000;
12.20,88.000,10.000,2.000;
12.30,88.000,10.000,2.000;
12.40,88.000,10.000,2.000;
12.50,88.000,10.000,2.000;
12.60,88.000,10.000,2.000;
12.70,88.000,10.000,2.000;
12.80,88.000,10.000,2.000;
12.90,88.000,10.000,2.000;
13.00,88.000,10.000,2.000;
13.10,88.000,10.000,2.000;
13.20,88.000,10.000,2.000;
13.30,88.000,10.000,2.000;
13.40,88.000,10.000,2.000;
13.50,88.000,10.000,2.000;
13.60,88.000,10.000,2.000;
13.70,88.000,10.000,2.000;
13.80,88.000,10.000,2.000;
13.90,88.000,10.000,2.000;
14.00,88.000,10.000,2.000;
14.10,88.000,10.000,2.000;
14.20,88.000,10.000,2.000;
14.30,88.000,10.000,2.000;
14.40,88.000,10.000,2.000;
14.50,88.000,10.000,2.000;
14.60,88.000,10.000,2.000;
14.70,88.000,10.000,2.000;
14.80,88.000,10.000,2.000;
14.90,87.000,11.000,2.000;
15.00,87.000,11.000,2.000;
15.10,87.000,11.000,2.000;
15.20,87.000,11.000,2.000;
15.30,87.000,11.000,2.000;
15.40,87.000,11.000,2.000;
15.50,86.000,12.000,2.000;
15.60,86.000,11.000,3.000;
15.70,85.000,12.000,3.000;
15.80,85.000,12.000,3.000;
15.90,84.000,13.000,3.000;
16.00,84.000,13.000,3.000;
16.10,83.000,14.000,3.000;
16.20,82.000,15.000,3.000;
16.30,82.000,15.000,3.000;
16.40,82.000,15.000,3.000;
16.50,82.000,15.000,3.000;
16.60,81.000,16.000,3.000;
16.70,81.000,16.000,3.000;
16.80,81.000,16.000,3.000;
16.90,81.000,16.000,3.000;
17.00,81.000,15.000,4.000;
17.10,81.000,14.000,5.000;
17.20,80.000,15.000,5.000;
17.30,80.000,15.000,5.000;
17.40,80.000,15.000,5.000;
17.50,80.000,15.000,5.000;
17.60,80.000,15.000,5.000;
17.70,80.000,15.000,5.000;
17.80,79.000,15.000,6.000;
17.90,78.000,16.000,6.000;
18.00,78.000,16.000,6.000;
18.10,78.000,16.000,6.000;
18.20,77.000,17.000,6.000;
18.30,77.000,16.000,7.000;
18.40,77.000,16.000,7.000;
18.50,76.000,17.000,7.000;
18.60,76.000,17.000,7.000;
18.70,75.000,18.000,7.000;
18.80,75.000,18.000,7.000;
18.90,75.000,18.000,7.000;
19.00,73.000,20.000,7.000;
19.10,72.000,21.000,7.000;
19.20,71.000,22.000,7.000;
19.30,70.000,23.000,7.000;
19.40,70.000,23.000,7.000;
19.50,70.000,21.000,9.000;
19.60,69.000,22.000,9.000;
19.70,69.000,21.000,10.000;
19.80,69.000,21.000,10.000;
19.90,69.000,21.000,10.000;
20.00,68.000,22.000,10.000;
20.10,67.000,23.000,10.000;
20.20,67.000,22.000,11.000;
20.30,66.000,23.000,11.000;
20.40,66.000,23.000,11.000;
20.50,65.000,23.000,12.000;
20.60,65.000,23.000,12.000;
20.70,65.000,23.000,12.000;
20.80,65.000,23.000,12.000;
20.90,65.000,23.000,12.000;
21.00,65.000,23.000,12.000;
21.10,65.000,23.000,12.000;
21.20,65.000,21.000,14.000;
21.30,65.000,21.000,14.000;
21.40,65.000,21.000,14.000;
21.50,65.000,21.000,14.000;
21.60,63.000,22.000,15.000;
21.70,62.000,23.000,15.000;
21.80,62.000,23.000,15.000;
21.90,62.000,23.000,15.000;
22.00,59.000,26.000,15.000;
22.10,59.000,26.000,15.000;
22.20,59.000,26.000,15.000;
22.30,59.000,25.000,16.000;
22.40,57.000,26.000,17.000;
22.50,57.000,26.000,17.000;
22.60,57.000,26.000,17.000;
22.70,57.000,26.000,17.000;
22.80,57.000,26.000,17.000;
22.90,56.000,27.000,17.000;
23.00,56.000,27.000,17.000;
23.10,56.000,27.000,17.000;
23.20,55.000,28.000,17.000;
23.30,55.000,28.000,17.000;
23.40,55.000,28.000,17.000;
23.50,55.000,27.000,18.000;
23.60,55.000,26.000,19.000;
23.70,55.000,24.000,21.000;
23.80,55.000,24.000,21.000;
23.90,55.000,24.000,21.000;
24.00,55.000,24.000,21.000;
24.10,55.000,24.000,21.000;
24.20,55.000,24.000,21.000;
24.30,55.000,24.000,21.000;
24.40,54.000,24.000,22.000;
24.50,53.000,25.000,22.000;
24.60,53.000,25.000,22.000;
24.70,53.000,25.000,22.000;
24.80,52.000,25.000,23.000;
24.90,51.000,26.000,23.000;
25.00,51.000,26.000,23.000;
25.10,51.000,26.000,23.000;
25.20,51.000,25.000,24.000;
25.30,51.000,25.000,24.000;
25.40,51.000,25.000,24.000;
25.50,50.000,26.000,24.000;
25.60,50.000,26.000,24.000;
25.70,50.000,26.000,24.000;
25.80,50.000,25.000,25.000;
25.90,50.000,25.000,25.000;
26.00,49.000,26.000,25.000;
26.10,49.000,26.000,25.000;
26.20,49.000,26.000,25.000;
26.30,47.000,28.000,25.000;
26.40,47.000,28.000,25.000;
26.50,47.000,28.000,25.000;
26.60,47.000,28.000,25.000;
26.70,47.000,28.000,25.000;
26.80,47.000,28.000,25.000;
26.90,47.000,28.000,25.000;
27.00,47.000,28.000,25.000;
27.10,47.000,28.000,25.000;
27.20,47.000,28.000,25.000;
27.30,47.000,28.000,25.000;
27.40,46.000,29.000,25.000;
27.50,46.000,29.000,25.000;
27.60,46.000,29.000,25.000;
27.70,46.000,29.000,25.000;
27.80,46.000,29.000,25.000;
27.90,46.000,29.000,25.000;
28.00,46.000,29.000,25.000;
28.10,46.000,29.000,25.000;
28.20,46.000,29.000,25.000;
28.30,46.000,29.000,25.000;
28.40,46.000,28.000,26.000;
28.50,45.000,29.000,26.000;
28.60,44.000,30.000,26.000;
28.70,44.000,30.000,26.000;
28.80,44.000,30.000,26.000;
28.90,44.000,29.000,27.000;
29.00,44.000,29.000,27.000;
29.10,43.000,29.000,28.000;
29.20,42.000,29.000,29.000;
29.30,41.000,29.000,30.000;
29.40,41.000,29.000,30.000;
29.50,41.000,29.000,30.000;
29.60,41.000,29.000,30.000;
29.70,41.000,29.000,30.000;
29.80,40.000,30.000,30.000;
29.90,39.000,31.000,30.000;
