dynamics = [
0.00,99.000,1.000,0.000;
0.10,99.000,1.000,0.000;
0.20,99.000,1.000,0.000;
0.30,99.000,1.000,0.000;
0.40,99.000,1.000,0.000;
0.50,99.000,1.000,0.000;
0.60,99.000,1.000,0.000;
0.70,99.000,1.000,0.000;
0.80,99.000,1.000,0.000;
0.90,99.000,1.000,0.000;
1.00,99.000,1.000,0.000;
1.10,99.000,1.000,0.000;
1.20,99.000,1.000,0.000;
1.30,99.000,1.000,0.000;
1.40,99.000,1.000,0.000;
1.50,99.000,1.000,0.000;
1.60,99.000,1.000,0.000;
1.70,99.000,1.000,0.000;
1.80,99.000,1.000,0.000;
1.90,99.000,1.000,0.000;
2.00,99.000,1.000,0.000;
2.10,99.000,1.000,0.000;
2.20,99.000,1.000,0.000;
2.30,99.000,1.000,0.000;
2.40,99.000,1.000,0.000;
2.50,99.000,1.000,0.000;
2.60,99.000,1.000,0.000;
2.70,99.000,1.000,0.000;
2.80,99.000,1.000,0.000;
2.90,99.000,1.000,0.000;
3.00,99.000,1.000,0.000;
3.10,99.000,1.000,0.000;
3.20,99.000,1.000,0.000;
3.30,99.000,1.000,0.000;
3.40,99.000,1.000,0.000;
3.50,99.000,1.000,0.000;
3.60,99.000,1.000,0.000;
3.70,99.000,1.000,0.000;
3.80,99.000,1.000,0.000;
3.90,99.000,1.000,0.000;
4.00,99.000,1.000,0.000;
4.10,99.000,1.000,0.000;
4.20,99.000,1.000,0.000;
4.30,99.000,1.000,0.000;
4.40,99.000,1.000,0.000;
4.50,99.000,1.000,0.000;
4.60,99.000,1.000,0.000;
4.70,99.000,1.000,0.000;
4.80,99.000,1.000,0.000;
4.90,99.000,1.000,0.000;
5.00,99.000,1.000,0.000;
5.10,99.000,1.000,0.000;
5.20,99.000,1.000,0.000;
5.30,99.000,1.000,0.000;
5.40,99.000,1.000,0.000;
5.50,99.000,1.000,0.000;
5.60,99.000,1.000,0.000;
5.70,99.000,1.000,0.000;
5.80,99.000,1.000,0.000;
5.90,99.000,1.000,0.000;
6.00,99.000,1.000,0.000;
6.10,99.000,1.000,0.000;
6.20,99.000,1.000,0.000;
6.30,99.000,1.000,0.000;
6.40,99.000,1.000,0.000;
6.50,99.000,1.000,0.000;
6.60,99.000,1.000,0.000;
6.70,99.000,1.000,0.000;
6.80,98.000,2.000,0.000;
6.90,98.000,2.000,0.000;
7.00,98.000,2.000,0.000;
7.10,98.000,2.000,0.000;
7.20,98.000,2.000,0.000;
7.30,98.000,2.000,0.000;
7.40,98.000,2.000,0.000;
7.50,98.000,2.000,0.000;
7.60,97.000,3.000,0.000;
7.70,97.000,3.000,0.000;
7.80,96.000,4.000,0.000;
7.90,96.000,4.000,0.000;
8.00,96.000,4.000,0.000;
8.10,96.000,4.000,0.000;
8.20,96.000,4.000,0.000;
8.30,96.000,4.000,0.000;
8.40,96.000,4.000,0.000;
8.50,96.000,4.000,0.000;
8.60,96.000,4.000,0.000;
8.70,96.000,4.000,0.000;
8.80,95.000,5.000,0.000;
8.90,95.000,5.000,0.000;
9.00,95.000,5.000,0.000;
9.10,94.000,6.000,0.000;
9.20,94.000,6.000,0.000;
9.30,94.000,6.000,0.000;
9.40,94.000,6.000,0.000;
9.50,94.000,6.000,0.000;
9.60,94.000,6.000,0.000;
9.70,94.000,6.000,0.000;
9.80,94.000,6.000,0.000;
9.90,94.000,6.000,0.000;
10.00,94.000,6.000,0.000;
10.10,94.000,6.000,0.000;
10.20,93.000,7.000,0.000;
10.30,93.000,7.000,0.000;
10.40,93.000,7.000,0.000;
10.50,92.000,8.000,0.000;
10.60,92.000,8.000,0.000;
10.70,92.000,8.000,0.000;
10.80,91.000,9.000,0.000;
10.90,91.000,9.000,0.000;
11.00,90.000,10.000,0.000;
11.10,90.000,10.000,0.000;
11.20,90.000,10.000,0.000;
11.30,90.000,10.000,0.000;
11.40,90.000,10.000,0.000;
11.50,89.000,11.000,0.000;
11.60,89.000,11.000,0.000;
11.70,89.000,10.000,1.000;
11.80,89.000,10.000,1.000;
11.90,89.000,10.000,1.000;
12.00,89.000,10.000,1.000;
12.10,89.000,10.000,1.000;
12.20,89.000,9.000,2.000;
12.30,89.000,9.000,2.000;
12.40,89.000,9.000,2.000;
12.50,89.000,9.000,2.000;
12.60,89.000,9.000,2.000;
12.70,88.000,10.000,2.000;
12.80,88.000,10.000,2.000;
12.90,88.000,10.000,2.000;
13.00,87.000,11.000,2.000;
13.10,86.000,12.000,2.000;
13.20,86.000,11.000,3.000;
13.30,85.000,12.000,3.000;
13.40,85.000,12.000,3.000;
13.50,85.000,12.000,3.000;
13.60,85.000,12.000,3.000;
13.70,85.000,12.000,3.000;
13.80,84.000,13.000,3.000;
13.90,84.000,13.000,3.000;
14.00,84.000,13.000,3.000;
14.10,84.000,13.000,3.000;
14.20,83.000,13.000,4.000;
14.30,83.000,13.000,4.000;
14.40,82.000,14.000,4.000;
14.50,81.000,15.000,4.000;
14.60,81.000,15.000,4.000;
14.70,81.000,15.000,4.000;
14.80,81.000,15.000,4.000;
14.90,81.000,15.000,4.000;
15.00,78.000,18.000,4.000;
15.10,77.000,19.000,4.000;
15.20,76.000,20.000,4.000;
15.30,76.000,20.000,4.000;
15.40,76.000,20.000,4.000;
15.50,75.000,21.000,4.000;
15.60,75.000,21.000,4.000;
15.70,75.000,21.000,4.000;
15.80,74.000,22.000,4.000;
15.90,74.000,22.000,4.000;
16.00,74.000,21.000,5.000;
16.10,73.000,22.000,5.000;
16.20,73.000,22.000,5.000;
16.30,72.000,23.000,5.000;
16.40,72.000,23.000,5.000;
16.50,72.000,22.000,6.000;
16.60,72.000,22.000,6.000;
16.70,72.000,22.000,6.000;
16.80,72.000,22.000,6.000;
16.90,71.000,23.000,6.000;
17.00,71.000,23.000,6.000;
17.10,69.000,25.000,6.000;
17.20,69.000,25.000,6.000;
17.30,69.000,25.000,6.000;
17.40,69.000,25.000,6.000;
17.50,68.000,26.000,6.000;
17.60,67.000,27.000,6.000;
17.70,67.000,27.000,6.000;
17.80,67.000,27.000,6.000;
17.90,66.000,27.000,7.000;
18.00,66.000,27.000,7.000;
18.10,65.000,28.000,7.000;
18.20,64.000,29.000,7.000;
18.30,63.000,30.000,7.000;
18.40,63.000,29.000,8.000;
18.50,61.000,31.000,8.000;
18.60,61.000,30.000,9.000;
18.70,61.000,30.000,9.000;
18.80,60.000,31.000,9.000;
18.90,60.000,31.000,9.000;
19.00,58.000,32.000,10.000;
19.10,57.000,33.000,10.000;
19.20,57.000,33.000,10.000;
19.30,57.000,33.000,10.000;
19.40,57.000,33.000,10.000;
19.50,57.000,33.000,10.000;
19.60,57.000,33.000,10.000;
19.70,57.000,33.000,10.000;
19.80,55.000,35.000,10.000;
19.90,55.000,35.000,10.000;
20.00,55.000,35.000,10.000;
20.10,55.000,35.000,10.000;
20.20,55.000,35.000,10.000;
20.30,55.000,35.000,10.000;
20.40,55.000,35.000,10.000;
20.50,54.000,35.000,11.000;
20.60,54.000,35.000,11.000;
20.70,53.000,36.000,11.000;
20.80,53.000,36.000,11.000;
20.90,51.000,38.000,11.000;
21.00,50.000,39.000,11.000;
21.10,48.000,41.000,11.000;
21.20,48.000,41.000,11.000;
21.30,48.000,41.000,11.000;
21.40,48.000,40.000,12.000;
21.50,47.000,41.000,12.000;
21.60,47.000,39.000,14.000;
21.70,46.000,40.000,14.000;
21.80,45.000,39.000,16.000;
21.90,45.000,39.000,16.000;
22.00,45.000,39.000,16.000;
22.10,45.000,39.000,16.000;
22.20,45.000,39.000,16.000;
22.30,45.000,37.000,18.000;
22.40,44.000,38.000,18.000;
22.50,43.000,39.000,18.000;
22.60,41.000,41.000,18.000;
22.70,41.000,41.000,18.000;
22.80,41.000,41.000,18.000;
22.90,41.000,41.000,18.000;
23.00,41.000,41.000,18.000;
23.10,40.000,42.000,18.000;
23.20,40.000,42.000,18.000;
23.30,40.000,42.000,18.000;
23.40,39.000,43.000,18.000;
23.50,39.000,43.000,18.000;
23.60,39.000,43.000,18.000;
23.70,39.000,42.000,19.000;
23.80,38.000,43.000,19.000;
23.90,38.000,43.000,19.000;
24.00,36.000,45.000,19.000;
24.10,36.000,45.000,19.000;
24.20,36.000,45.000,19.000;
24.30,35.000,46.000,19.000;
24.40,35.000,45.000,20.000;
24.50,35.000,44.000,21.000;
24.60,34.000,45.000,21.000;
24.70,34.000,45.000,21.000;
24.80,32.000,45.000,23.000;
24.90,31.000,45.000,24.000;
25.00,31.000,45.000,24.000;
25.10,31.000,44.000,25.000;
25.20,31.000,44.000,25.000;
25.30,30.000,45.000,25.000;
25.40,30.000,45.000,25.000;
25.50,30.000,45.000,25.000;
25.60,30.000,45.000,25.000;
25.70,30.000,45.000,25.000;
25.80,30.000,45.000,25.000;
25.90,30.000,44.000,26.000;
26.00,30.000,43.000,27.000;
26.10,30.000,43.000,27.000;
26.20,30.000,43.000,27.000;
26.30,30.000,42.000,28.000;
26.40,30.000,42.000,28.000;
26.50,28.000,44.000,28.000;
26.60,28.000,44.000,28.000;
26.70,27.000,45.000,28.000;
26.80,26.000,46.000,28.000;
26.90,26.000,46.000,28.000;
27.00,26.000,46.000,28.000;
27.10,26.000,46.000,28.000;
27.20,26.000,46.000,28.000;
27.30,25.000,47.000,28.000;
27.40,23.000,49.000,28.000;
27.50,23.000,47.000,30.000;
27.60,23.000,46.000,31.000;
27.70,23.000,45.000,32.000;
27.80,22.000,46.000,32.000;
27.90,21.000,47.000,32.000;
28.00,21.000,47.000,32.000;
28.10,21.000,46.000,33.000;
28.20,21.000,46.000,33.000;
28.30,21.000,46.000,33.000;
28.40,20.000,47.000,33.000;
28.50,20.000,47.000,33.000;
28.60,20.000,47.000,33.000;
28.70,20.000,47.000,33.000;
28.80,20.000,47.000,33.000;
28.90,20.000,47.000,33.000;
29.00,20.000,47.000,33.000;
29.10,20.000,46.000,34.000;
29.20,20.000,46.000,34.000;
29.30,20.000,45.000,35.000;
29.40,20.000,45.000,35.000;
29.50,20.000,43.000,37.000;
29.60,20.000,43.000,37.000;
29.70,20.000,42.000,38.000;
29.80,20.000,42.000,38.000;
