dynamics = [
0.00,9999.000,1.000,0.000;
0.10,9999.000,1.000,0.000;
0.20,9999.000,1.000,0.000;
0.30,9999.000,1.000,0.000;
0.40,9999.000,1.000,0.000;
0.50,9999.000,1.000,0.000;
0.60,9999.000,1.000,0.000;
0.70,9999.000,1.000,0.000;
0.80,9999.000,1.000,0.000;
0.90,9999.000,1.000,0.000;
1.00,9999.000,1.000,0.000;
1.10,9999.000,1.000,0.000;
1.20,9998.000,2.000,0.000;
1.30,9998.000,2.000,0.000;
1.40,9998.000,2.000,0.000;
1.50,9998.000,2.000,0.000;
1.60,9998.000,2.000,0.000;
1.70,9998.000,2.000,0.000;
1.80,9998.000,2.000,0.000;
1.90,9998.000,2.000,0.000;
2.00,9998.000,2.000,0.000;
2.10,9998.000,2.000,0.000;
2.20,9998.000,2.000,0.000;
2.30,9998.000,2.000,0.000;
2.40,9998.000,2.000,0.000;
2.50,9998.000,2.000,0.000;
2.60,9998.000,2.000,0.000;
2.70,9998.000,2.000,0.000;
2.80,9998.000,2.000,0.000;
2.90,9998.000,2.000,0.000;
3.00,9998.000,2.000,0.000;
3.10,9998.000,2.000,0.000;
3.20,9998.000,2.000,0.000;
3.30,9998.000,2.000,0.000;
3.40,9998.000,2.000,0.000;
3.50,9998.000,2.000,0.000;
3.60,9998.000,2.000,0.000;
3.70,9998.000,2.000,0.000;
3.80,9998.000,2.000,0.000;
3.90,9998.000,2.000,0.000;
4.00,9998.000,2.000,0.000;
4.10,9998.000,2.000,0.000;
4.20,9998.000,2.000,0.000;
4.30,9998.000,2.000,0.000;
4.40,9998.000,2.000,0.000;
4.50,9998.000,2.000,0.000;
4.60,9998.000,2.000,0.000;
4.70,9998.000,2.000,0.000;
4.80,9998.000,2.000,0.000;
4.90,9998.000,2.000,0.000;
5.00,9998.000,2.000,0.000;
5.10,9998.000,1.000,1.000;
5.20,9998.000,1.000,1.000;
5.30,9998.000,1.000,1.000;
5.40,9998.000,1.000,1.000;
5.50,9998.000,1.000,1.000;
5.60,9998.000,1.000,1.000;
5.70,9998.000,1.000,1.000;
5.80,9998.000,1.000,1.000;
5.90,9998.000,1.000,1.000;
6.00,9998.000,1.000,1.000;
6.10,9998.000,1.000,1.000;
6.20,9998.000,1.000,1.000;
6.30,9998.000,1.000,1.000;
6.40,9998.000,1.000,1.000;
6.50,9998.000,1.000,1.000;
6.60,9998.000,1.000,1.000;
6.70,9998.000,1.000,1.000;
6.80,9998.000,1.000,1.000;
6.90,9998.000,1.000,1.000;
7.00,9998.000,1.000,1.000;
7.10,9998.000,1.000,1.000;
7.20,9998.000,1.000,1.000;
7.30,9998.000,1.000,1.000;
7.40,9998.000,1.000,1.000;
7.50,9998.000,1.000,1.000;
7.60,9998.000,1.000,1.000;
7.70,9998.000,1.000,1.000;
7.80,9998.000,1.000,1.000;
7.90,9998.000,1.000,1.000;
8.00,9998.000,1.000,1.000;
8.10,9998.000,1.000,1.000;
8.20,9998.000,1.000,1.000;
8.30,9998.000,1.000,1.000;
8.40,9998.000,1.000,1.000;
8.50,9998.000,1.000,1.000;
8.60,9998.000,1.000,1.000;
8.70,9998.000,1.000,1.000;
8.80,9998.000,1.000,1.000;
8.90,9998.000,1.000,1.000;
9.00,9998.000,1.000,1.000;
9.10,9998.000,1.000,1.000;
9.20,9998.000,1.000,1.000;
9.30,9998.000,1.000,1.000;
9.40,9998.000,1.000,1.000;
9.50,9998.000,1.000,1.000;
9.60,9998.000,1.000,1.000;
9.70,9998.000,1.000,1.000;
9.80,9998.000,1.000,1.000;
9.90,9998.000,1.000,1.000;
10.00,9998.000,1.000,1.000;
10.10,9998.000,1.000,1.000;
10.20,9998.000,1.000,1.000;
10.30,9997.000,2.000,1.000;
10.40,9997.000,2.000,1.000;
10.50,9997.000,2.000,1.000;
10.60,9997.000,2.000,1.000;
10.70,9997.000,2.000,1.000;
10.80,9997.000,2.000,1.000;
10.90,9997.000,2.000,1.000;
11.00,9997.000,2.000,1.000;
11.10,9997.000,2.000,1.000;
11.20,9997.000,2.000,1.000;
11.30,9997.000,2.000,1.000;
11.40,9997.000,2.000,1.000;
11.50,9997.000,2.000,1.000;
11.60,9997.000,2.000,1.000;
11.70,9997.000,2.000,1.000;
11.80,9997.000,2.000,1.000;
11.90,9997.000,2.000,1.000;
12.00,9997.000,2.000,1.000;
12.10,9997.000,2.000,1.000;
12.20,9997.000,2.000,1.000;
12.30,9997.000,2.000,1.000;
12.40,9997.000,2.000,1.000;
12.50,9997.000,2.000,1.000;
12.60,9997.000,2.000,1.000;
12.70,9997.000,2.000,1.000;
12.80,9997.000,2.000,1.000;
12.90,9997.000,2.000,1.000;
13.00,9997.000,2.000,1.000;
13.10,9997.000,2.000,1.000;
13.20,9997.000,2.000,1.000;
13.30,9997.000,2.000,1.000;
13.40,9997.000,2.000,1.000;
13.50,9997.000,2.000,1.000;
13.60,9997.000,2.000,1.000;
13.70,9997.000,2.000,1.000;
13.80,9997.000,2.000,1.000;
13.90,9997.000,2.000,1.000;
14.00,9997.000,2.000,1.000;
14.10,9997.000,2.000,1.000;
14.20,9997.000,2.000,1.000;
14.30,9997.000,2.000,1.000;
14.40,9997.000,2.000,1.000;
14.50,9997.000,2.000,1.000;
14.60,9997.000,2.000,1.000;
14.70,9997.000,2.000,1.000;
14.80,9997.000,2.000,1.000;
14.90,9997.000,2.000,1.000;
15.00,9997.000,2.000,1.000;
15.10,9997.000,2.000,1.000;
15.20,9997.000,2.000,1.000;
15.30,9997.000,2.000,1.000;
15.40,9997.000,2.000,1.000;
15.50,9997.000,2.000,1.000;
15.60,9997.000,2.000,1.000;
15.70,9997.000,2.000,1.000;
15.80,9997.000,2.000,1.000;
15.90,9997.000,2.000,1.000;
16.00,9997.000,2.000,1.000;
16.10,9997.000,2.000,1.000;
16.20,9997.000,2.000,1.000;
16.30,9997.000,1.000,2.000;
16.40,9997.000,1.000,2.000;
16.50,9997.000,1.000,2.000;
16.60,9997.000,1.000,2.000;
16.70,9997.000,1.000,2.000;
16.80,9997.000,1.000,2.000;
16.90,9997.000,1.000,2.000;
17.00,9997.000,1.000,2.000;
17.10,9997.000,1.000,2.000;
17.20,9997.000,1.000,2.000;
17.30,9997.000,1.000,2.000;
17.40,9997.000,1.000,2.000;
17.50,9997.000,1.000,2.000;
17.60,9997.000,1.000,2.000;
17.70,9997.000,1.000,2.000;
17.80,9997.000,1.000,2.000;
17.90,9997.000,1.000,2.000;
18.00,9997.000,1.000,2.000;
18.10,9997.000,1.000,2.000;
18.20,9997.000,1.000,2.000;
18.30,9997.000,1.000,2.000;
18.40,9997.000,1.000,2.000;
18.50,9997.000,1.000,2.000;
18.60,9997.000,1.000,2.000;
18.70,9997.000,1.000,2.000;
18.80,9997.000,1.000,2.000;
18.90,9997.000,1.000,2.000;
19.00,9997.000,1.000,2.000;
19.10,9997.000,1.000,2.000;
19.20,9997.000,1.000,2.000;
19.30,9997.000,1.000,2.000;
19.40,9997.000,1.000,2.000;
19.50,9997.000,1.000,2.000;
19.60,9997.000,1.000,2.000;
19.70,9997.000,1.000,2.000;
19.80,9997.000,1.000,2.000;
19.90,9997.000,1.000,2.000;
20.00,9997.000,1.000,2.000;
20.10,9997.000,1.000,2.000;
20.20,9997.000,1.000,2.000;
20.30,9997.000,1.000,2.000;
20.40,9997.000,1.000,2.000;
20.50,9997.000,1.000,2.000;
20.60,9997.000,1.000,2.000;
20.70,9997.000,1.000,2.000;
20.80,9997.000,1.000,2.000;
20.90,9997.000,1.000,2.000;
21.00,9997.000,1.000,2.000;
21.10,9997.000,1.000,2.000;
21.20,9997.000,1.000,2.000;
21.30,9997.000,1.000,2.000;
21.40,9997.000,1.000,2.000;
21.50,9997.000,1.000,2.000;
21.60,9997.000,1.000,2.000;
21.70,9997.000,1.000,2.000;
21.80,9997.000,1.000,2.000;
21.90,9997.000,1.000,2.000;
22.00,9997.000,1.000,2.000;
22.10,9997.000,1.000,2.000;
22.20,9997.000,1.000,2.000;
22.30,9997.000,1.000,2.000;
22.40,9997.000,1.000,2.000;
22.50,9997.000,1.000,2.000;
22.60,9997.000,1.000,2.000;
22.70,9997.000,1.000,2.000;
22.80,9997.000,1.000,2.000;
22.90,9997.000,1.000,2.000;
23.00,9997.000,1.000,2.000;
23.10,9997.000,1.000,2.000;
23.20,9997.000,1.000,2.000;
23.30,9997.000,1.000,2.000;
23.40,9997.000,1.000,2.000;
23.50,9997.000,1.000,2.000;
23.60,9997.000,1.000,2.000;
23.70,9997.000,1.000,2.000;
23.80,9997.000,1.000,2.000;
23.90,9997.000,1.000,2.000;
24.00,9997.000,1.000,2.000;
24.10,9997.000,1.000,2.000;
24.20,9997.000,1.000,2.000;
24.30,9997.000,1.000,2.000;
24.40,9997.000,1.000,2.000;
24.50,9997.000,1.000,2.000;
24.60,9997.000,1.000,2.000;
24.70,9997.000,1.000,2.000;
24.80,9997.000,1.000,2.000;
24.90,9997.000,1.000,2.000;
25.00,9997.000,1.000,2.000;
25.10,9997.000,1.000,2.000;
25.20,9996.000,2.000,2.000;
25.30,9996.000,2.000,2.000;
25.40,9996.000,2.000,2.000;
25.50,9996.000,2.000,2.000;
25.60,9996.000,2.000,2.000;
25.70,9996.000,2.000,2.000;
25.80,9996.000,2.000,2.000;
25.90,9996.000,2.000,2.000;
26.00,9996.000,2.000,2.000;
26.10,9996.000,2.000,2.000;
26.20,9996.000,2.000,2.000;
26.30,9996.000,2.000,2.000;
26.40,9996.000,2.000,2.000;
26.50,9996.000,2.000,2.000;
26.60,9996.000,2.000,2.000;
26.70,9996.000,2.000,2.000;
26.80,9996.000,2.000,2.000;
26.90,9995.000,3.000,2.000;
27.00,9995.000,3.000,2.000;
27.10,9995.000,3.000,2.000;
27.20,9995.000,3.000,2.000;
27.30,9994.000,3.000,3.000;
27.40,9994.000,3.000,3.000;
27.50,9994.000,3.000,3.000;
27.60,9994.000,3.000,3.000;
27.70,9994.000,3.000,3.000;
27.80,9994.000,3.000,3.000;
27.90,9994.000,3.000,3.000;
28.00,9994.000,3.000,3.000;
28.10,9994.000,3.000,3.000;
28.20,9994.000,3.000,3.000;
28.30,9994.000,3.000,3.000;
28.40,9994.000,3.000,3.000;
28.50,9994.000,3.000,3.000;
28.60,9994.000,3.000,3.000;
28.70,9994.000,3.000,3.000;
