dynamics = [
0.00,90.000,10.000,0.000;
0.10,90.000,10.000,0.000;
0.20,90.000,9.900,0.100;
0.30,90.000,9.800,0.200;
0.40,89.800,10.000,0.200;
0.50,89.800,9.900,0.300;
0.60,89.500,10.000,0.500;
0.70,89.300,10.200,0.500;
0.80,89.300,10.100,0.600;
0.90,89.000,10.300,0.700;
1.00,89.000,10.300,0.700;
1.10,88.800,10.400,0.800;
1.20,88.700,10.500,0.800;
1.30,88.600,10.600,0.800;
1.40,88.300,10.700,1.000;
1.50,88.100,10.800,1.100;
1.60,87.800,10.900,1.300;
1.70,87.500,11.200,1.300;
1.80,87.300,11.300,1.400;
1.90,87.300,11.200,1.500;
2.00,87.100,11.300,1.600;
2.10,86.900,11.400,1.700;
2.20,86.900,11.100,2.000;
2.30,86.700,11.200,2.100;
2.40,86.500,11.300,2.200;
2.50,86.400,11.200,2.400;
2.60,86.200,11.200,2.600;
2.70,85.800,11.500,2.700;
2.80,85.200,11.900,2.900;
2.90,85.100,11.900,3.000;
3.00,84.800,12.200,3.000;
3.10,84.500,12.500,3.000;
3.20,84.400,12.600,3.000;
3.30,84.300,12.700,3.000;
3.40,84.300,12.700,3.000;
3.50,84.100,12.700,3.200;
3.60,83.700,13.000,3.300;
3.70,83.600,13.100,3.300;
3.80,83.000,13.600,3.400;
3.90,82.900,13.500,3.600;
4.00,82.600,13.500,3.900;
4.10,82.300,13.600,4.100;
4.20,82.300,13.400,4.300;
4.30,82.200,13.500,4.300;
4.40,81.900,13.700,4.400;
4.50,81.600,13.800,4.600;
4.60,81.300,14.100,4.600;
4.70,81.100,14.200,4.700;
4.80,80.900,14.400,4.700;
4.90,80.700,14.500,4.800;
5.00,80.400,14.600,5.000;
5.10,80.000,14.900,5.100;
5.20,79.400,15.400,5.200;
5.30,79.200,15.500,5.300;
5.40,78.800,15.600,5.600;
5.50,78.700,15.600,5.700;
5.60,78.500,15.700,5.800;
5.70,78.200,15.900,5.900;
5.80,78.000,16.000,6.000;
5.90,77.700,16.300,6.000;
6.00,77.600,16.300,6.100;
6.10,77.100,16.700,6.200;
6.20,77.000,16.700,6.300;
6.30,76.500,17.100,6.400;
6.40,76.200,17.300,6.500;
6.50,75.900,17.400,6.700;
6.60,75.400,17.900,6.700;
6.70,75.000,18.200,6.800;
6.80,74.400,18.700,6.900;
6.90,74.000,19.100,6.900;
7.00,73.700,19.200,7.100;
7.10,73.300,19.400,7.300;
7.20,73.000,19.600,7.400;
7.30,72.200,20.300,7.500;
7.40,72.000,20.200,7.800;
7.50,71.800,20.100,8.100;
7.60,71.500,20.200,8.300;
7.70,71.200,20.500,8.300;
7.80,70.800,20.600,8.600;
7.90,70.200,21.200,8.600;
8.00,69.800,21.500,8.700;
8.10,69.500,21.600,8.900;
8.20,69.200,21.700,9.100;
8.30,69.000,21.200,9.800;
8.40,69.000,20.900,10.100;
8.50,68.800,20.900,10.300;
8.60,68.300,21.000,10.700;
8.70,67.700,21.500,10.800;
8.80,67.100,22.100,10.800;
8.90,66.800,22.200,11.000;
9.00,66.500,22.000,11.500;
9.10,66.200,22.200,11.600;
9.20,65.900,22.400,11.700;
9.30,65.500,22.800,11.700;
9.40,65.400,22.800,11.800;
9.50,64.900,23.200,11.900;
9.60,64.400,23.500,12.100;
9.70,64.100,23.700,12.200;
9.80,63.800,23.900,12.300;
9.90,63.300,24.300,12.400;
10.00,63.000,24.500,12.500;
10.10,62.800,24.700,12.500;
10.20,62.600,24.700,12.700;
10.30,62.500,24.800,12.700;
10.40,62.000,24.800,13.200;
10.50,61.300,25.300,13.400;
10.60,61.000,25.600,13.400;
10.70,60.800,25.500,13.700;
10.80,60.600,25.600,13.800;
10.90,60.200,25.800,14.000;
11.00,59.900,26.000,14.100;
11.10,59.700,25.900,14.400;
11.20,59.200,26.200,14.600;
11.30,59.000,26.100,14.900;
11.40,58.700,26.200,15.100;
11.50,58.300,26.400,15.300;
11.60,57.700,26.900,15.400;
11.70,57.200,26.900,15.900;
11.80,56.900,27.100,16.000;
11.90,56.400,27.400,16.200;
12.00,56.200,27.300,16.500;
12.10,55.700,27.600,16.700;
12.20,55.200,28.000,16.800;
12.30,54.900,28.300,16.800;
12.40,54.400,28.500,17.100;
12.50,54.100,28.600,17.300;
12.60,53.400,29.300,17.300;
12.70,53.000,29.400,17.600;
12.80,52.500,29.400,18.100;
12.90,52.300,29.200,18.500;
13.00,51.900,29.400,18.700;
13.10,51.800,29.400,18.800;
13.20,51.700,29.200,19.100;
13.30,51.300,29.400,19.300;
13.40,50.900,29.400,19.700;
13.50,50.500,29.400,20.100;
13.60,50.300,29.400,20.300;
13.70,50.200,29.300,20.500;
13.80,49.900,29.600,20.500;
13.90,49.600,29.700,20.700;
14.00,49.400,29.800,20.800;
14.10,49.300,29.600,21.100;
14.20,48.600,30.200,21.200;
14.30,48.500,29.900,21.600;
14.40,48.300,29.700,22.000;
14.50,47.800,29.900,22.300;
14.60,47.600,29.900,22.500;
14.70,47.500,30.000,22.500;
14.80,46.900,30.500,22.600;
14.90,46.300,31.100,22.600;
15.00,45.500,31.900,22.600;
15.10,44.900,32.400,22.700;
15.20,44.800,32.200,23.000;
15.30,44.500,32.400,23.100;
15.40,44.400,32.200,23.400;
15.50,43.700,32.400,23.900;
15.60,43.300,32.400,24.300;
15.70,43.000,32.600,24.400;
15.80,42.500,33.000,24.500;
15.90,42.100,32.900,25.000;
16.00,41.700,32.900,25.400;
16.10,41.600,32.800,25.600;
16.20,41.100,33.300,25.600;
16.30,41.000,33.000,26.000;
16.40,40.700,33.100,26.200;
16.50,40.400,33.400,26.200;
16.60,40.100,33.500,26.400;
16.70,39.900,33.600,26.500;
16.80,39.500,33.800,26.700;
16.90,39.200,34.000,26.800;
17.00,38.900,34.100,27.000;
17.10,38.700,34.100,27.200;
17.20,38.600,33.700,27.700;
17.30,38.200,33.900,27.900;
17.40,37.800,34.200,28.000;
17.50,37.400,34.200,28.400;
17.60,37.000,34.400,28.600;
17.70,36.800,34.400,28.800;
17.80,36.600,34.400,29.000;
17.90,36.200,34.600,29.200;
18.00,35.900,34.600,29.500;
18.10,35.500,34.700,29.800;
18.20,35.300,34.500,30.200;
18.30,35.200,34.500,30.300;
18.40,35.100,34.300,30.600;
18.50,35.000,34.200,30.800;
18.60,34.900,34.000,31.100;
18.70,34.600,33.900,31.500;
18.80,34.400,34.000,31.600;
18.90,34.100,34.300,31.600;
19.00,33.600,34.600,31.800;
19.10,33.400,34.600,32.000;
19.20,32.800,35.100,32.100;
19.30,32.800,34.900,32.300;
19.40,32.600,35.000,32.400;
19.50,32.500,34.700,32.800;
19.60,32.500,34.700,32.800;
19.70,31.900,35.200,32.900;
19.80,31.700,35.100,33.200;
19.90,31.500,34.800,33.700;
20.00,31.200,34.800,34.000;
20.10,30.600,35.100,34.300;
20.20,30.400,35.200,34.400;
20.30,30.200,35.000,34.800;
20.40,30.000,35.000,35.000;
20.50,30.000,34.800,35.200;
20.60,29.800,34.500,35.700;
20.70,29.500,34.700,35.800;
20.80,29.300,34.600,36.100;
20.90,28.800,35.100,36.100;
21.00,28.400,35.300,36.300;
21.10,28.200,35.200,36.600;
21.20,27.900,35.100,37.000;
21.30,27.700,35.200,37.100;
21.40,27.600,35.300,37.100;
21.50,27.400,35.300,37.300;
21.60,27.100,35.400,37.500;
21.70,27.000,35.300,37.700;
21.80,26.900,35.100,38.000;
21.90,26.900,34.500,38.600;
22.00,26.800,34.500,38.700;
22.10,26.500,34.800,38.700;
22.20,26.300,34.700,39.000;
22.30,26.100,34.600,39.300;
22.40,25.900,34.600,39.500;
22.50,25.600,34.500,39.900;
22.60,25.500,34.300,40.200;
22.70,25.400,34.400,40.200;
22.80,25.200,34.400,40.400;
22.90,25.000,34.500,40.500;
23.00,24.600,34.800,40.600;
23.10,24.500,34.600,40.900;
23.20,24.500,34.600,40.900;
23.30,24.000,34.800,41.200;
23.40,23.800,34.600,41.600;
23.50,23.500,34.500,42.000;
23.60,23.100,34.700,42.200;
23.70,22.900,34.300,42.800;
23.80,22.800,34.300,42.900;
23.90,22.300,34.800,42.900;
24.00,22.100,34.700,43.200;
24.10,22.000,34.700,43.300;
24.20,21.800,34.600,43.600;
24.30,21.700,34.700,43.600;
24.40,21.600,34.800,43.600;
24.50,21.500,34.200,44.300;
24.60,21.400,34.200,44.400;
24.70,21.200,34.100,44.700;
24.80,21.200,33.800,45.000;
24.90,21.200,33.500,45.300;
25.00,21.000,33.400,45.600;
25.10,20.900,33.200,45.900;
25.20,20.700,33.100,46.200;
25.30,20.600,32.900,46.500;
25.40,20.600,32.800,46.600;
25.50,20.500,32.700,46.800;
25.60,20.400,32.700,46.900;
25.70,20.400,32.400,47.200;
25.80,20.200,32.400,47.400;
25.90,20.000,32.000,48.000;
26.00,19.700,32.100,48.200;
26.10,19.600,31.500,48.900;
26.20,19.600,31.000,49.400;
26.30,19.600,30.800,49.600;
26.40,19.400,30.900,49.700;
26.50,19.300,30.800,49.900;
26.60,19.100,31.000,49.900;
26.70,18.900,30.900,50.200;
26.80,18.700,31.000,50.300;
26.90,18.600,30.900,50.500;
27.00,18.500,30.800,50.700;
27.10,18.500,30.700,50.800;
27.20,18.400,30.600,51.000;
27.30,18.300,30.500,51.200;
27.40,18.300,30.400,51.300;
27.50,18.300,30.200,51.500;
27.60,18.200,30.100,51.700;
27.70,18.100,30.100,51.800;
27.80,17.800,30.300,51.900;
27.90,17.700,30.200,52.100;
28.00,17.500,30.400,52.100;
28.10,17.300,30.400,52.300;
28.20,17.300,30.100,52.600;
28.30,17.200,30.100,52.700;
28.40,17.200,30.100,52.700;
28.50,17.100,30.000,52.900;
28.60,16.900,30.000,53.100;
28.70,16.800,30.000,53.200;
28.80,16.700,30.000,53.300;
28.90,16.500,29.900,53.600;
29.00,16.400,29.800,53.800;
