dynamics = [
0.00,4999.000,1.000,0.000;
0.10,4999.000,1.000,0.000;
0.20,4999.000,1.000,0.000;
0.30,4999.000,1.000,0.000;
0.40,4999.000,1.000,0.000;
0.50,4999.000,1.000,0.000;
0.60,4999.000,1.000,0.000;
0.70,4999.000,1.000,0.000;
0.80,4999.000,1.000,0.000;
0.90,4999.000,1.000,0.000;
1.00,4999.000,1.000,0.000;
1.10,4999.000,1.000,0.000;
1.20,4999.000,1.000,0.000;
1.30,4999.000,1.000,0.000;
1.40,4999.000,1.000,0.000;
1.50,4999.000,1.000,0.000;
1.60,4999.000,1.000,0.000;
1.70,4999.000,1.000,0.000;
1.80,4999.000,1.000,0.000;
1.90,4999.000,1.000,0.000;
2.00,4999.000,1.000,0.000;
2.10,4999.000,1.000,0.000;
2.20,4999.000,1.000,0.000;
2.30,4999.000,1.000,0.000;
2.40,4999.000,1.000,0.000;
2.50,4999.000,1.000,0.000;
2.60,4999.000,1.000,0.000;
2.70,4999.000,1.000,0.000;
2.80,4999.000,1.000,0.000;
2.90,4999.000,1.000,0.000;
3.00,4999.000,1.000,0.000;
3.10,4999.000,1.000,0.000;
3.20,4999.000,1.000,0.000;
3.30,4999.000,1.000,0.000;
3.40,4999.000,1.000,0.000;
3.50,4999.000,1.000,0.000;
3.60,4999.000,1.000,0.000;
3.70,4999.000,1.000,0.000;
3.80,4999.000,1.000,0.000;
3.90,4999.000,1.000,0.000;
4.00,4999.000,1.000,0.000;
4.10,4999.000,1.000,0.000;
4.20,4999.000,1.000,0.000;
4.30,4999.000,1.000,0.000;
4.40,4999.000,1.000,0.000;
4.50,4999.000,1.000,0.000;
4.60,4999.000,1.000,0.000;
4.70,4999.000,1.000,0.000;
4.80,4999.000,1.000,0.000;
4.90,4999.000,1.000,0.000;
5.00,4999.000,1.000,0.000;
5.10,4999.000,1.000,0.000;
5.20,4999.000,1.000,0.000;
5.30,4999.000,1.000,0.000;
5.40,4999.000,1.000,0.000;
5.50,4999.000,1.000,0.000;
5.60,4999.000,1.000,0.000;
5.70,4999.000,1.000,0.000;
5.80,4999.000,1.000,0.000;
5.90,4999.000,1.000,0.000;
6.00,4999.000,1.000,0.000;
6.10,4999.000,1.000,0.000;
6.20,4999.000,1.000,0.000;
6.30,4999.000,1.000,0.000;
6.40,4999.000,1.000,0.000;
6.50,4999.000,1.000,0.000;
6.60,4999.000,1.000,0.000;
6.70,4999.000,1.000,0.000;
6.80,4999.000,1.000,0.000;
6.90,4999.000,1.000,0.000;
7.00,4999.000,1.000,0.000;
7.10,4998.000,2.000,0.000;
7.20,4998.000,2.000,0.000;
7.30,4998.000,2.000,0.000;
7.40,4998.000,2.000,0.000;
7.50,4998.000,2.000,0.000;
7.60,4998.000,2.000,0.000;
7.70,4998.000,2.000,0.000;
7.80,4998.000,2.000,0.000;
7.90,4998.000,2.000,0.000;
8.00,4998.000,2.000,0.000;
8.10,4998.000,1.000,1.000;
8.20,4998.000,1.000,1.000;
8.30,4998.000,1.000,1.000;
8.40,4997.000,2.000,1.000;
8.50,4996.000,3.000,1.000;
8.60,4995.000,3.000,2.000;
8.70,4994.000,4.000,2.000;
8.80,4994.000,4.000,2.000;
8.90,4994.000,4.000,2.000;
9.00,4994.000,4.000,2.000;
9.10,4994.000,4.000,2.000;
9.20,4993.000,5.000,2.000;
9.30,4993.000,5.000,2.000;
9.40,4993.000,5.000,2.000;
9.50,4993.000,5.000,2.000;
9.60,4993.000,5.000,2.000;
9.70,4993.000,5.000,2.000;
9.80,4993.000,5.000,2.000;
9.90,4993.000,5.000,2.000;
10.00,4992.000,6.000,2.000;
10.10,4992.000,6.000,2.000;
10.20,4992.000,6.000,2.000;
10.30,4992.000,6.000,2.000;
10.40,4991.000,7.000,2.000;
10.50,4991.000,7.000,2.000;
10.60,4991.000,7.000,2.000;
10.70,4991.000,7.000,2.000;
10.80,4991.000,7.000,2.000;
10.90,4991.000,7.000,2.000;
11.00,4990.000,8.000,2.000;
11.10,4990.000,8.000,2.000;
11.20,4990.000,8.000,2.000;
11.30,4990.000,8.000,2.000;
11.40,4990.000,8.000,2.000;
11.50,4990.000,8.000,2.000;
11.60,4990.000,8.000,2.000;
11.70,4990.000,8.000,2.000;
11.80,4990.000,8.000,2.000;
11.90,4990.000,8.000,2.000;
12.00,4990.000,8.000,2.000;
12.10,4990.000,8.000,2.000;
12.20,4990.000,8.000,2.000;
12.30,4990.000,8.000,2.000;
12.40,4990.000,8.000,2.000;
12.50,4990.000,8.000,2.000;
12.60,4990.000,7.000,3.000;
12.70,4990.000,7.000,3.000;
12.80,4989.000,8.000,3.000;
12.90,4989.000,8.000,3.000;
13.00,4989.000,8.000,3.000;
13.10,4989.000,8.000,3.000;
13.20,4989.000,8.000,3.000;
13.30,4989.000,8.000,3.000;
13.40,4987.000,10.000,3.000;
13.50,4987.000,10.000,3.000;
13.60,4987.000,10.000,3.000;
13.70,4987.000,9.000,4.000;
13.80,4987.000,9.000,4.000;
13.90,4987.000,9.000,4.000;
14.00,4987.000,9.000,4.000;
14.10,4987.000,9.000,4.000;
14.20,4987.000,9.000,4.000;
14.30,4985.000,11.000,4.000;
14.40,4985.000,11.000,4.000;
14.50,4985.000,11.000,4.000;
14.60,4985.000,11.000,4.000;
14.70,4985.000,11.000,4.000;
14.80,4985.000,11.000,4.000;
14.90,4985.000,11.000,4.000;
15.00,4985.000,11.000,4.000;
15.10,4985.000,10.000,5.000;
15.20,4984.000,11.000,5.000;
15.30,4984.000,10.000,6.000;
15.40,4984.000,10.000,6.000;
15.50,4983.000,11.000,6.000;
15.60,4983.000,11.000,6.000;
15.70,4983.000,11.000,6.000;
15.80,4983.000,10.000,7.000;
15.90,4983.000,10.000,7.000;
16.00,4983.000,10.000,7.000;
16.10,4983.000,10.000,7.000;
16.20,4983.000,10.000,7.000;
16.30,4983.000,10.000,7.000;
16.40,4983.000,10.000,7.000;
16.50,4983.000,10.000,7.000;
16.60,4983.000,10.000,7.000;
16.70,4982.000,11.000,7.000;
16.80,4982.000,11.000,7.000;
16.90,4982.000,11.000,7.000;
17.00,4981.000,12.000,7.000;
17.10,4981.000,12.000,7.000;
17.20,4980.000,13.000,7.000;
17.30,4979.000,13.000,8.000;
17.40,4979.000,13.000,8.000;
17.50,4978.000,14.000,8.000;
17.60,4978.000,14.000,8.000;
17.70,4978.000,14.000,8.000;
17.80,4978.000,14.000,8.000;
17.90,4978.000,14.000,8.000;
18.00,4978.000,14.000,8.000;
18.10,4978.000,14.000,8.000;
18.20,4978.000,14.000,8.000;
18.30,4978.000,14.000,8.000;
18.40,4978.000,14.000,8.000;
18.50,4978.000,14.000,8.000;
18.60,4977.000,15.000,8.000;
18.70,4977.000,15.000,8.000;
18.80,4977.000,15.000,8.000;
18.90,4977.000,14.000,9.000;
19.00,4977.000,14.000,9.000;
19.10,4977.000,14.000,9.000;
19.20,4977.000,13.000,10.000;
19.30,4977.000,13.000,10.000;
19.40,4977.000,13.000,10.000;
19.50,4977.000,12.000,11.000;
19.60,4977.000,12.000,11.000;
19.70,4977.000,12.000,11.000;
19.80,4977.000,12.000,11.000;
19.90,4977.000,12.000,11.000;
20.00,4977.000,12.000,11.000;
20.10,4976.000,13.000,11.000;
20.20,4976.000,13.000,11.000;
20.30,4975.000,14.000,11.000;
20.40,4975.000,14.000,11.000;
20.50,4975.000,14.000,11.000;
20.60,4975.000,14.000,11.000;
20.70,4975.000,14.000,11.000;
20.80,4975.000,14.000,11.000;
20.90,4975.000,14.000,11.000;
21.00,4975.000,14.000,11.000;
21.10,4974.000,15.000,11.000;
21.20,4974.000,15.000,11.000;
21.30,4974.000,15.000,11.000;
21.40,4974.000,15.000,11.000;
21.50,4973.000,16.000,11.000;
21.60,4973.000,16.000,11.000;
21.70,4973.000,16.000,11.000;
21.80,4973.000,16.000,11.000;
21.90,4973.000,16.000,11.000;
22.00,4973.000,16.000,11.000;
22.10,4972.000,17.000,11.000;
22.20,4971.000,18.000,11.000;
22.30,4971.000,18.000,11.000;
22.40,4970.000,18.000,12.000;
22.50,4970.000,18.000,12.000;
22.60,4970.000,18.000,12.000;
22.70,4970.000,18.000,12.000;
22.80,4970.000,18.000,12.000;
22.90,4970.000,18.000,12.000;
23.00,4970.000,18.000,12.000;
23.10,4970.000,18.000,12.000;
23.20,4970.000,18.000,12.000;
23.30,4970.000,18.000,12.000;
23.40,4970.000,18.000,12.000;
23.50,4970.000,18.000,12.000;
23.60,4970.000,17.000,13.000;
23.70,4969.000,18.000,13.000;
23.80,4968.000,19.000,13.000;
23.90,4968.000,19.000,13.000;
24.00,4968.000,19.000,13.000;
24.10,4968.000,19.000,13.000;
24.20,4967.000,20.000,13.000;
24.30,4966.000,21.000,13.000;
24.40,4966.000,21.000,13.000;
24.50,4964.000,23.000,13.000;
24.60,4962.000,25.000,13.000;
24.70,4962.000,25.000,13.000;
24.80,4961.000,26.000,13.000;
24.90,4960.000,27.000,13.000;
25.00,4960.000,27.000,13.000;
25.10,4960.000,27.000,13.000;
25.20,4960.000,27.000,13.000;
25.30,4959.000,28.000,13.000;
25.40,4959.000,28.000,13.000;
25.50,4959.000,28.000,13.000;
25.60,4959.000,28.000,13.000;
25.70,4957.000,29.000,14.000;
25.80,4956.000,30.000,14.000;
25.90,4955.000,31.000,14.000;
26.00,4955.000,31.000,14.000;
26.10,4954.000,32.000,14.000;
26.20,4954.000,32.000,14.000;
26.30,4954.000,32.000,14.000;
26.40,4952.000,34.000,14.000;
26.50,4951.000,35.000,14.000;
26.60,4950.000,36.000,14.000;
26.70,4949.000,36.000,15.000;
26.80,4949.000,36.000,15.000;
26.90,4949.000,35.000,16.000;
27.00,4949.000,35.000,16.000;
27.10,4948.000,35.000,17.000;
27.20,4948.000,35.000,17.000;
27.30,4946.000,37.000,17.000;
27.40,4946.000,37.000,17.000;
27.50,4945.000,38.000,17.000;
27.60,4943.000,40.000,17.000;
27.70,4943.000,40.000,17.000;
27.80,4943.000,40.000,17.000;
27.90,4943.000,40.000,17.000;
