dynamics = [
0.00,90.000,10.000,0.000;
0.10,90.000,10.000,0.000;
0.20,90.000,9.900,0.100;
0.30,90.000,9.800,0.200;
0.40,89.800,10.000,0.200;
0.50,89.800,9.900,0.300;
0.60,89.500,10.000,0.500;
0.70,89.300,10.200,0.500;
0.80,89.300,10.100,0.600;
0.90,89.000,10.300,0.700;
1.00,89.000,10.300,0.700;
1.10,88.800,10.400,0.800;
1.20,88.700,10.500,0.800;
1.30,88.600,10.600,0.800;
1.40,88.300,10.700,1.000;
1.50,88.100,10.800,1.100;
1.60,87.800,10.900,1.300;
1.70,87.500,11.200,1.300;
1.80,87.300,11.300,1.400;
1.90,87.300,11.200,1.500;
2.00,87.100,11.300,1.600;
2.10,86.900,11.400,1.700;
2.20,86.900,11.100,2.000;
2.30,86.700,11.200,2.100;
2.40,86.500,11.300,2.200;
2.50,86.400,11.200,2.400;
2.60,86.200,11.200,2.600;
2.70,85.800,11.500,2.700;
2.80,85.200,11.900,2.900;
2.90,85.100,11.900,3.000;
3.00,84.800,12.200,3.000;
3.10,84.500,12.500,3.000;
3.20,84.400,12.600,3.000;
3.30,84.300,12.700,3.000;
3.40,84.300,12.700,3.000;
3.50,84.100,12.700,3.200;
3.60,83.700,13.000,3.300;
3.70,83.600,13.100,3.300;
3.80,83.000,13.600,3.400;
3.90,82.900,13.500,3.600;
4.00,82.600,13.500,3.900;
4.10,82.300,13.600,4.100;
4.20,82.300,13.400,4.300;
4.30,82.200,13.500,4.300;
4.40,81.900,13.700,4.400;
4.50,81.600,13.800,4.600;
4.60,81.300,14.100,4.600;
4.70,81.100,14.200,4.700;
4.80,80.900,14.400,4.700;
4.90,80.700,14.500,4.800;
5.00,80.400,14.600,5.000;
5.10,80.000,14.900,5.100;
5.20,79.400,15.400,5.200;
5.30,79.200,15.500,5.300;
5.40,78.800,15.600,5.600;
5.50,78.700,15.600,5.700;
5.60,78.500,15.700,5.800;
5.70,78.200,15.900,5.900;
5.80,78.000,16.000,6.000;
5.90,77.700,16.300,6.000;
6.00,77.600,16.300,6.100;
6.10,77.100,16.700,6.200;
6.20,77.000,16.700,6.300;
6.30,76.500,17.100,6.400;
6.40,76.200,17.300,6.500;
6.50,75.900,17.400,6.700;
6.60,75.400,17.900,6.700;
6.70,75.000,18.200,6.800;
6.80,74.400,18.700,6.900;
6.90,74.000,19.100,6.900;
7.00,73.700,19.200,7.100;
7.10,73.300,19.400,7.300;
7.20,73.000,19.600,7.400;
7.30,72.200,20.300,7.500;
7.40,72.000,20.200,7.800;
7.50,71.800,20.100,8.100;
7.60,71.500,20.200,8.300;
7.70,71.200,20.500,8.300;
7.80,70.800,20.600,8.600;
7.90,70.200,21.200,8.600;
8.00,69.800,21.500,8.700;
8.10,69.500,21.600,8.900;
8.20,69.200,21.700,9.100;
8.30,69.000,21.200,9.800;
8.40,69.000,20.900,10.100;
8.50,68.800,20.900,10.300;
8.60,68.300,21.000,10.700;
8.70,67.700,21.500,10.800;
8.80,67.100,22.100,10.800;
8.90,66.800,22.200,11.000;
9.00,66.500,22.000,11.500;
9.10,66.200,22.200,11.600;
9.20,65.900,22.400,11.700;
9.30,65.500,22.800,11.700;
9.40,65.400,22.800,11.800;
9.50,64.900,23.200,11.900;
9.60,64.400,23.500,12.100;
9.70,64.100,23.700,12.200;
9.80,63.800,23.900,12.300;
9.90,63.300,24.300,12.400;
10.00,63.000,24.500,12.500;
10.10,62.800,24.700,12.500;
10.20,62.600,24.700,12.700;
10.30,62.500,24.800,12.700;
10.40,62.000,24.800,13.200;
10.50,61.300,25.300,13.400;
10.60,61.000,25.600,13.400;
10.70,60.800,25.500,13.700;
10.80,60.600,25.600,13.800;
10.90,60.200,25.800,14.000;
11.00,59.900,26.000,14.100;
11.10,59.700,25.900,14.400;
11.20,59.200,26.200,14.600;
11.30,59.000,26.100,14.900;
11.40,58.700,26.200,15.100;
11.50,58.300,26.400,15.300;
11.60,57.700,26.900,15.400;
11.70,57.200,26.900,15.900;
11.80,56.900,27.100,16.000;
11.90,56.400,27.400,16.200;
12.00,56.200,27.300,16.500;
12.10,55.700,27.600,16.700;
12.20,55.200,28.000,16.800;
12.30,54.900,28.300,16.800;
12.40,54.400,28.500,17.100;
12.50,54.100,28.600,17.300;
12.60,53.400,29.300,17.300;
12.70,53.000,29.400,17.600;
12.80,52.500,29.400,18.100;
12.90,52.300,29.200,18.500;
13.00,51.900,29.400,18.700;
13.10,51.800,29.400,18.800;
13.20,51.700,29.200,19.100;
13.30,51.300,29.400,19.300;
13.40,50.900,29.400,19.700;
13.50,50.500,29.400,20.100;
13.60,50.300,29.400,20.300;
13.70,50.200,29.300,20.500;
13.80,49.900,29.600,20.500;
13.90,49.600,29.700,20.700;
14.00,49.400,29.800,20.800;
14.10,49.300,29.600,21.100;
14.20,48.600,30.200,21.200;
14.30,48.500,29.900,21.600;
14.40,48.300,29.700,22.000;
14.50,47.800,29.900,22.300;
14.60,47.600,29.900,22.500;
14.70,47.500,30.000,22.500;
14.80,46.900,30.500,22.600;
14.90,46.300,31.100,22.600;
15.00,45.500,31.900,22.600;
15.10,44.900,32.400,22.700;
15.20,44.800,32.200,23.000;
15.30,44.500,32.400,23.100;
15.40,44.400,32.200,23.400;
15.50,43.700,32.400,23.900;
15.60,43.300,32.400,24.300;
15.70,43.000,32.600,24.400;
15.80,42.500,33.000,24.500;
15.90,42.100,32.900,25.000;
16.00,41.700,32.900,25.400;
16.10,41.600,32.800,25.600;
16.20,41.100,33.300,25.600;
16.30,41.000,33.000,26.000;
16.40,40.700,33.100,26.200;
16.50,40.400,33.400,26.200;
16.60,40.100,33.500,26.400;
16.70,39.900,33.600,26.500;
16.80,39.500,33.800,26.700;
16.90,39.200,34.000,26.800;
17.00,38.900,34.100,27.000;
17.10,38.700,34.100,27.200;
17.20,38.600,33.700,27.700;
17.30,38.200,33.900,27.900;
17.40,37.800,34.200,28.000;
17.50,37.400,34.200,28.400;
17.60,37.000,34.400,28.600;
17.70,36.800,34.400,28.800;
17.80,36.600,34.400,29.000;
17.90,36.200,34.600,29.200;
18.00,35.900,34.600,29.500;
18.10,35.500,34.700,29.800;
18.20,35.300,34.500,30.200;
18.30,35.200,34.500,30.300;
18.40,35.100,34.300,30.600;
18.50,35.000,34.200,30.800;
18.60,34.900,34.000,31.100;
18.70,34.600,33.900,31.500;
18.80,34.400,34.000,31.600;
18.90,34.100,34.300,31.600;
19.00,33.600,34.600,31.800;
19.10,33.400,34.600,32.000;
19.20,32.800,35.100,32.100;
19.30,32.800,34.900,32.300;
19.40,32.600,35.000,32.400;
19.50,32.500,34.700,32.800;
19.60,32.500,34.700,32.800;
19.70,31.900,35.200,32.900;
19.80,31.700,35.100,33.200;
19.90,31.500,34.800,33.700;
20.00,31.200,34.800,34.000;
20.10,30.600,35.100,34.300;
20.20,30.400,35.200,34.400;
20.30,30.200,35.000,34.800;
20.40,30.000,35.000,35.000;
20.50,30.000,34.800,35.200;
20.60,29.800,34.500,35.700;
20.70,29.500,34.700,35.800;
20.80,29.300,34.600,36.100;
20.90,28.800,35.100,36.100;
21.00,28.400,35.300,36.300;
21.10,28.200,35.200,36.600;
21.20,27.900,35.100,37.000;
21.30,27.700,35.200,37.100;
21.40,27.600,35.300,37.100;
21.50,27.400,35.300,37.300;
21.60,27.100,35.400,37.500;
21.70,27.000,35.300,37.700;
21.80,26.900,35.100,38.000;
21.90,26.900,34.500,38.600;
22.00,26.800,34.500,38.700;
22.10,26.500,34.800,38.700;
22.20,26.300,34.700,39.000;
22.30,26.100,34.600,39.300;
22.40,25.900,34.600,39.500;
22.50,25.600,34.500,39.900;
22.60,25.500,34.300,40.200;
22.70,25.400,34.400,40.200;
22.80,25.200,34.400,40.400;
22.90,25.000,34.500,40.500;
23.00,24.600,34.800,40.600;
23.10,24.500,34.600,40.900;
23.20,24.500,34.600,40.900;
23.30,24.000,34.800,41.200;
23.40,23.800,34.600,41.600;
23.50,23.500,34.500,42.000;
23.60,23.100,34.700,42.200;
23.70,22.900,34.300,42.800;
23.80,22.800,34.300,42.900;
23.90,22.300,34.800,42.900;
24.00,22.100,34.700,43.200;
24.10,22.000,34.700,43.300;
24.20,21.800,34.600,43.600;
24.30,21.700,34.700,43.600;
24.40,21.600,34.800,43.600;
24.50,21.500,34.200,44.300;
24.60,21.400,34.200,44.400;
24.70,21.200,34.100,44.700;
24.80,21.200,33.800,45.000;
24.90,21.200,33.500,45.300;
25.00,21.000,33.400,45.600;
25.10,20.900,33.200,45.900;
25.20,20.700,33.100,46.200;
25.30,20.600,32.900,46.500;
25.40,20.600,32.800,46.600;
25.50,20.500,32.700,46.800;
25.60,20.400,32.700,46.900;
25.70,20.400,32.400,47.200;
25.80,20.200,32.400,47.400;
25.90,20.000,32.000,48.000;
26.00,19.700,32.100,48.200;
26.10,19.600,31.500,48.900;
26.20,19.600,31.000,49.400;
26.30,19.600,30.800,49.600;
26.40,19.400,30.900,49.700;
26.50,19.300,30.800,49.900;
26.60,19.100,31.000,49.900;
26.70,18.900,30.900,50.200;
26.80,18.700,31.000,50.300;
26.90,18.600,30.900,50.500;
27.00,18.500,30.800,50.700;
27.10,18.500,30.700,50.800;
27.20,18.400,30.600,51.000;
27.30,18.300,30.500,51.200;
27.40,18.300,30.400,51.300;
27.50,18.300,30.200,51.500;
27.60,18.200,30.100,51.700;
27.70,18.100,30.100,51.800;
27.80,17.800,30.300,51.900;
27.90,17.700,30.200,52.100;
28.00,17.500,30.400,52.100;
28.10,17.300,30.400,52.300;
28.20,17.300,30.100,52.600;
28.30,17.200,30.100,52.700;
28.40,17.200,30.100,52.700;
28.50,17.100,30.000,52.900;
28.60,16.900,30.000,53.100;
28.70,16.800,30.000,53.200;
28.80,16.700,30.000,53.300;
28.90,16.500,29.900,53.600;
29.00,16.400,29.800,53.800;
29.10,16.300,29.600,54.100;
29.20,16.200,29.600,54.200;
29.30,16.100,29.600,54.300;
29.40,15.900,29.800,54.300;
29.50,15.600,29.700,54.700;
29.60,15.500,29.600,54.900;
29.70,15.400,29.200,55.400;
29.80,15.100,29.300,55.600;
29.90,15.100,29.300,55.600;
30.00,15.000,29.200,55.800;
30.10,15.000,28.800,56.200;
30.20,14.800,28.700,56.500;
30.30,14.500,28.400,57.100;
30.40,14.400,28.300,57.300;
30.50,14.200,28.100,57.700;
30.60,14.100,28.100,57.800;
30.70,14.000,27.900,58.100;
30.80,13.900,27.600,58.500;
30.90,13.500,27.900,58.600;
31.00,13.400,27.900,58.700;
31.10,13.400,27.600,59.000;
31.20,13.300,27.300,59.400;
31.30,13.200,27.300,59.500;
31.40,13.100,26.700,60.200;
31.50,13.100,26.500,60.400;
31.60,13.000,26.300,60.700;
31.70,12.800,26.400,60.800;
31.80,12.700,26.400,60.900;
31.90,12.700,26.400,60.900;
32.00,12.600,26.400,61.000;
32.10,12.600,26.400,61.000;
32.20,12.600,26.300,61.100;
32.30,12.500,26.000,61.500;
32.40,12.400,26.000,61.600;
32.50,12.300,26.100,61.600;
32.60,12.100,26.000,61.900;
32.70,12.100,25.700,62.200;
32.80,11.800,25.800,62.400;
32.90,11.700,25.700,62.600;
33.00,11.400,25.800,62.800;
33.10,11.300,25.700,63.000;
33.20,11.200,25.400,63.400;
33.30,11.200,25.300,63.500;
33.40,11.100,25.200,63.700;
33.50,11.000,25.300,63.700;
33.60,10.800,25.300,63.900;
33.70,10.500,25.200,64.300;
33.80,10.500,24.900,64.600;
33.90,10.300,24.800,64.900;
34.00,10.200,24.800,65.000;
34.10,9.900,25.000,65.100;
34.20,9.900,24.800,65.300;
34.30,9.800,24.800,65.400;
34.40,9.700,24.700,65.600;
34.50,9.500,24.700,65.800;
34.60,9.500,24.600,65.900;
34.70,9.500,24.500,66.000;
34.80,9.500,24.200,66.300;
34.90,9.400,24.100,66.500;
35.00,9.400,23.900,66.700;
35.10,9.400,23.900,66.700;
35.20,9.400,23.900,66.700;
35.30,9.300,23.600,67.100;
35.40,9.200,23.400,67.400;
35.50,9.200,23.100,67.700;
35.60,9.100,23.100,67.800;
35.70,9.000,23.000,68.000;
35.80,9.000,22.900,68.100;
35.90,9.000,22.800,68.200;
36.00,8.900,22.900,68.200;
36.10,8.800,22.800,68.400;
36.20,8.700,22.800,68.500;
36.30,8.700,22.700,68.600;
36.40,8.600,22.500,68.900;
36.50,8.400,22.400,69.200;
36.60,8.400,22.400,69.200;
36.70,8.400,22.100,69.500;
36.80,8.100,22.300,69.600;
36.90,8.000,22.000,70.000;
37.00,7.800,21.900,70.300;
37.10,7.800,21.900,70.300;
37.20,7.700,21.900,70.400;
37.30,7.700,21.400,70.900;
37.40,7.700,21.300,71.000;
37.50,7.700,21.200,71.100;
37.60,7.600,21.300,71.100;
37.70,7.600,21.100,71.300;
37.80,7.600,21.000,71.400;
37.90,7.500,20.800,71.700;
38.00,7.400,20.700,71.900;
38.10,7.400,20.400,72.200;
38.20,7.300,20.300,72.400;
38.30,7.300,20.100,72.600;
38.40,7.300,20.000,72.700;
38.50,7.300,19.900,72.800;
38.60,7.300,19.600,73.100;
38.70,7.300,19.500,73.200;
38.80,7.300,19.200,73.500;
38.90,7.300,19.100,73.600;
39.00,7.300,19.100,73.600;
39.10,7.300,19.000,73.700;
39.20,7.300,18.900,73.800;
39.30,7.300,18.800,73.900;
39.40,7.300,18.700,74.000;
39.50,7.300,18.500,74.200;
39.60,7.300,18.300,74.400;
39.70,7.200,18.200,74.600;
39.80,7.200,18.200,74.600;
39.90,7.200,18.200,74.600;
40.00,7.100,18.300,74.600;
40.10,7.000,18.300,74.700;
40.20,7.000,18.100,74.900;
40.30,6.800,18.200,75.000;
40.40,6.800,18.100,75.100;
40.50,6.800,18.100,75.100;
40.60,6.700,17.900,75.400;
40.70,6.700,17.800,75.500;
40.80,6.600,17.900,75.500;
40.90,6.600,17.800,75.600;
41.00,6.500,17.600,75.900;
41.10,6.400,17.700,75.900;
41.20,6.400,17.500,76.100;
41.30,6.300,17.400,76.300;
41.40,6.300,17.100,76.600;
41.50,6.300,17.100,76.600;
41.60,6.300,17.000,76.700;
41.70,6.300,16.900,76.800;
41.80,6.300,16.900,76.800;
41.90,6.200,16.800,77.000;
42.00,6.100,16.800,77.100;
42.10,6.100,16.800,77.100;
42.20,6.100,16.600,77.300;
42.30,6.000,16.300,77.700;
42.40,6.000,16.000,78.000;
42.50,6.000,16.000,78.000;
42.60,6.000,16.000,78.000;
42.70,6.000,15.900,78.100;
42.80,6.000,15.700,78.300;
42.90,6.000,15.500,78.500;
43.00,5.900,15.300,78.800;
43.10,5.900,15.200,78.900;
43.20,5.900,15.100,79.000;
43.30,5.900,15.000,79.100;
43.40,5.800,15.000,79.200;
43.50,5.800,15.000,79.200;
43.60,5.800,14.900,79.300;
43.70,5.800,14.900,79.300;
43.80,5.800,14.800,79.400;
43.90,5.800,14.700,79.500;
44.00,5.800,14.600,79.600;
44.10,5.800,14.600,79.600;
44.20,5.800,14.600,79.600;
44.30,5.800,14.500,79.700;
44.40,5.800,14.500,79.700;
44.50,5.700,14.600,79.700;
44.60,5.700,14.600,79.700;
44.70,5.600,14.600,79.800;
44.80,5.600,14.600,79.800;
44.90,5.600,14.600,79.800;
45.00,5.600,14.600,79.800;
45.10,5.600,14.600,79.800;
45.20,5.600,14.600,79.800;
45.30,5.600,14.500,79.900;
45.40,5.500,14.500,80.000;
45.50,5.400,14.400,80.200;
45.60,5.400,14.300,80.300;
45.70,5.400,14.200,80.400;
45.80,5.400,14.200,80.400;
45.90,5.400,14.200,80.400;
46.00,5.400,14.000,80.600;
46.10,5.300,14.000,80.700;
46.20,5.100,14.100,80.800;
46.30,5.100,14.000,80.900;
46.40,5.100,13.900,81.000;
46.50,5.100,13.900,81.000;
46.60,5.100,13.600,81.300;
46.70,5.100,13.600,81.300;
46.80,5.100,13.600,81.300;
46.90,5.000,13.600,81.400;
47.00,4.900,13.700,81.400;
47.10,4.900,13.500,81.600;
47.20,4.900,13.400,81.700;
47.30,4.900,13.400,81.700;
47.40,4.900,13.400,81.700;
47.50,4.800,13.500,81.700;
47.60,4.800,13.500,81.700;
47.70,4.800,13.300,81.900;
47.80,4.800,13.200,82.000;
47.90,4.700,13.000,82.300;
48.00,4.700,13.000,82.300;
48.10,4.700,12.600,82.700;
48.20,4.700,12.500,82.800;
48.30,4.700,12.400,82.900;
48.40,4.700,12.400,82.900;
48.50,4.700,12.400,82.900;
48.60,4.700,12.100,83.200;
48.70,4.600,12.100,83.300;
48.80,4.600,12.000,83.400;
48.90,4.600,12.000,83.400;
49.00,4.500,12.000,83.500;
49.10,4.500,12.000,83.500;
49.20,4.500,11.900,83.600;
49.30,4.500,11.400,84.100;
49.40,4.500,11.400,84.100;
49.50,4.500,11.200,84.300;
49.60,4.500,11.200,84.300;
49.70,4.500,11.100,84.400;
49.80,4.500,11.000,84.500;
49.90,4.500,10.800,84.700;
50.00,4.500,10.800,84.700;
50.10,4.500,10.800,84.700;
50.20,4.500,10.400,85.100;
50.30,4.500,10.400,85.100;
50.40,4.500,10.100,85.400;
50.50,4.500,10.100,85.400;
50.60,4.500,10.100,85.400;
50.70,4.500,9.800,85.700;
50.80,4.500,9.700,85.800;
50.90,4.500,9.600,85.900;
51.00,4.500,9.400,86.100;
51.10,4.500,9.200,86.300;
51.20,4.500,9.200,86.300;
51.30,4.400,9.100,86.500;
51.40,4.400,9.100,86.500;
51.50,4.400,9.100,86.500;
51.60,4.400,9.100,86.500;
51.70,4.400,9.100,86.500;
51.80,4.400,9.100,86.500;
51.90,4.400,8.900,86.700;
52.00,4.400,8.800,86.800;
52.10,4.400,8.800,86.800;
52.20,4.400,8.800,86.800;
52.30,4.400,8.800,86.800;
52.40,4.400,8.800,86.800;
52.50,4.400,8.800,86.800;
52.60,4.400,8.700,86.900;
52.70,4.400,8.600,87.000;
52.80,4.400,8.600,87.000;
52.90,4.400,8.600,87.000;
53.00,4.400,8.500,87.100;
53.10,4.400,8.400,87.200;
53.20,4.400,8.200,87.400;
53.30,4.400,8.200,87.400;
53.40,4.400,8.100,87.500;
53.50,4.400,8.100,87.500;
53.60,4.400,8.000,87.600;
53.70,4.400,7.800,87.800;
53.80,4.400,7.700,87.900;
53.90,4.400,7.600,88.000;
54.00,4.400,7.300,88.300;
54.10,4.300,7.400,88.300;
54.20,4.300,7.400,88.300;
54.30,4.300,7.200,88.500;
54.40,4.300,7.100,88.600;
54.50,4.200,7.200,88.600;
54.60,4.200,7.200,88.600;
54.70,4.200,7.100,88.700;
54.80,4.200,7.000,88.800;
54.90,4.200,6.900,88.900;
55.00,4.200,6.900,88.900;
55.10,4.200,6.800,89.000;
55.20,4.200,6.800,89.000;
55.30,4.200,6.700,89.100;
55.40,4.200,6.700,89.100;
55.50,4.200,6.700,89.100;
55.60,4.200,6.700,89.100;
55.70,4.200,6.600,89.200;
55.80,4.200,6.500,89.300;
55.90,4.200,6.400,89.400;
56.00,4.200,6.400,89.400;
56.10,4.200,6.400,89.400;
56.20,4.200,6.400,89.400;
56.30,4.200,6.400,89.400;
56.40,4.200,6.400,89.400;
56.50,4.200,6.400,89.400;
56.60,4.100,6.500,89.400;
56.70,4.100,6.500,89.400;
56.80,4.100,6.400,89.500;
56.90,4.100,6.400,89.500;
57.00,4.100,6.400,89.500;
57.10,4.100,6.200,89.700;
57.20,4.100,6.100,89.800;
57.30,4.100,6.000,89.900;
57.40,4.100,5.900,90.000;
57.50,4.100,5.800,90.100;
57.60,4.100,5.800,90.100;
57.70,4.100,5.700,90.200;
57.80,4.100,5.700,90.200;
57.90,4.000,5.800,90.200;
58.00,4.000,5.800,90.200;
58.10,4.000,5.800,90.200;
58.20,4.000,5.700,90.300;
58.30,4.000,5.600,90.400;
58.40,4.000,5.400,90.600;
58.50,4.000,5.400,90.600;
58.60,4.000,5.400,90.600;
58.70,4.000,5.300,90.700;
58.80,4.000,5.300,90.700;
58.90,4.000,5.300,90.700;
59.00,4.000,5.300,90.700;
59.10,4.000,5.300,90.700;
59.20,4.000,5.200,90.800;
59.30,4.000,5.100,90.900;
59.40,4.000,5.100,90.900;
59.50,4.000,5.100,90.900;
59.60,4.000,5.100,90.900;
59.70,4.000,5.000,91.000;
59.80,4.000,5.000,91.000;
59.90,4.000,5.000,91.000;
60.00,4.000,5.000,91.000;
60.10,4.000,4.900,91.100;
60.20,3.900,5.000,91.100;
60.30,3.800,5.000,91.200;
60.40,3.800,5.000,91.200;
60.50,3.800,5.000,91.200;
60.60,3.800,5.000,91.200;
60.70,3.800,5.000,91.200;
60.80,3.800,5.000,91.200;
60.90,3.800,5.000,91.200;
61.00,3.800,5.000,91.200;
61.10,3.700,5.000,91.300;
61.20,3.700,5.000,91.300;
61.30,3.700,4.900,91.400;
61.40,3.700,4.900,91.400;
61.50,3.600,5.000,91.400;
61.60,3.600,4.900,91.500;
61.70,3.600,4.800,91.600;
61.80,3.600,4.800,91.600;
61.90,3.600,4.700,91.700;
62.00,3.600,4.700,91.700;
62.10,3.500,4.800,91.700;
62.20,3.500,4.800,91.700;
62.30,3.500,4.800,91.700;
62.40,3.500,4.800,91.700;
62.50,3.500,4.800,91.700;
62.60,3.500,4.800,91.700;
62.70,3.500,4.700,91.800;
62.80,3.500,4.700,91.800;
62.90,3.500,4.700,91.800;
63.00,3.500,4.700,91.800;
63.10,3.500,4.700,91.800;
63.20,3.500,4.700,91.800;
63.30,3.500,4.500,92.000;
63.40,3.500,4.500,92.000;
63.50,3.500,4.500,92.000;
63.60,3.500,4.500,92.000;
63.70,3.500,4.500,92.000;
63.80,3.500,4.500,92.000;
63.90,3.500,4.500,92.000;
64.00,3.500,4.500,92.000;
64.10,3.500,4.400,92.100;
64.20,3.500,4.400,92.100;
64.30,3.500,4.400,92.100;
64.40,3.500,4.400,92.100;
64.50,3.500,4.400,92.100;
64.60,3.500,4.400,92.100;
64.70,3.500,4.400,92.100;
64.80,3.500,4.300,92.200;
64.90,3.500,4.200,92.300;
65.00,3.500,4.200,92.300;
65.10,3.500,4.100,92.400;
65.20,3.500,4.100,92.400;
65.30,3.500,4.100,92.400;
65.40,3.500,4.100,92.400;
65.50,3.500,4.100,92.400;
65.60,3.500,4.100,92.400;
65.70,3.400,4.200,92.400;
65.80,3.400,4.100,92.500;
65.90,3.400,4.100,92.500;
66.00,3.300,4.200,92.500;
66.10,3.300,4.200,92.500;
66.20,3.300,4.200,92.500;
66.30,3.300,4.200,92.500;
66.40,3.300,4.200,92.500;
66.50,3.300,4.200,92.500;
66.60,3.300,4.100,92.600;
66.70,3.300,4.100,92.600;
66.80,3.300,4.100,92.600;
66.90,3.200,4.200,92.600;
67.00,3.200,4.100,92.700;
67.10,3.200,4.100,92.700;
67.20,3.200,4.100,92.700;
67.30,3.200,4.100,92.700;
67.40,3.200,4.100,92.700;
67.50,3.200,4.000,92.800;
67.60,3.200,4.000,92.800;
67.70,3.200,4.000,92.800;
67.80,3.200,4.000,92.800;
67.90,3.200,4.000,92.800;
68.00,3.200,4.000,92.800;
68.10,3.200,4.000,92.800;
68.20,3.200,4.000,92.800;
68.30,3.200,4.000,92.800;
68.40,3.200,4.000,92.800;
68.50,3.200,4.000,92.800;
68.60,3.200,4.000,92.800;
68.70,3.200,4.000,92.800;
68.80,3.200,4.000,92.800;
68.90,3.200,4.000,92.800;
69.00,3.100,4.100,92.800;
69.10,3.100,4.100,92.800;
69.20,3.100,4.000,92.900;
69.30,3.100,4.000,92.900;
69.40,3.100,3.800,93.100;
69.50,3.100,3.700,93.200;
69.60,3.100,3.700,93.200;
69.70,3.100,3.700,93.200;
69.80,3.100,3.600,93.300;
69.90,3.100,3.600,93.300;
70.00,3.100,3.600,93.300;
70.10,3.100,3.600,93.300;
70.20,3.100,3.600,93.300;
70.30,3.100,3.600,93.300;
70.40,3.100,3.600,93.300;
70.50,3.100,3.500,93.400;
70.60,3.100,3.400,93.500;
70.70,3.100,3.400,93.500;
70.80,3.100,3.300,93.600;
70.90,3.100,3.300,93.600;
71.00,3.100,3.300,93.600;
71.10,3.100,3.300,93.600;
71.20,3.100,3.300,93.600;
71.30,3.100,3.300,93.600;
71.40,3.100,3.300,93.600;
71.50,3.100,3.300,93.600;
71.60,3.100,3.300,93.600;
71.70,3.100,3.200,93.700;
71.80,3.100,3.200,93.700;
71.90,3.100,3.100,93.800;
72.00,3.100,3.100,93.800;
72.10,3.100,3.100,93.800;
72.20,3.100,3.100,93.800;
72.30,3.100,3.000,93.900;
72.40,3.100,3.000,93.900;
72.50,3.100,3.000,93.900;
72.60,3.100,3.000,93.900;
72.70,3.100,3.000,93.900;
72.80,3.100,3.000,93.900;
72.90,3.100,3.000,93.900;
73.00,3.100,3.000,93.900;
73.10,3.100,3.000,93.900;
73.20,3.100,3.000,93.900;
73.30,3.100,2.900,94.000;
73.40,3.100,2.900,94.000;
73.50,3.100,2.900,94.000;
73.60,3.100,2.800,94.100;
73.70,3.100,2.800,94.100;
73.80,3.100,2.800,94.100;
73.90,3.100,2.800,94.100;
74.00,3.100,2.800,94.100;
74.10,3.100,2.800,94.100;
74.20,3.100,2.800,94.100;
74.30,3.100,2.800,94.100;
74.40,3.100,2.800,94.100;
74.50,3.100,2.700,94.200;
74.60,3.100,2.700,94.200;
74.70,3.100,2.600,94.300;
74.80,3.100,2.600,94.300;
74.90,3.100,2.600,94.300;
75.00,3.100,2.600,94.300;
75.10,3.100,2.400,94.500;
75.20,3.100,2.400,94.500;
75.30,3.100,2.400,94.500;
75.40,3.100,2.300,94.600;
75.50,3.100,2.300,94.600;
75.60,3.100,2.200,94.700;
75.70,3.100,2.200,94.700;
75.80,3.100,2.200,94.700;
75.90,3.100,2.200,94.700;
76.00,3.100,2.200,94.700;
76.10,3.100,2.200,94.700;
76.20,3.100,2.200,94.700;
76.30,3.100,2.200,94.700;
76.40,3.100,2.200,94.700;
76.50,3.100,2.200,94.700;
76.60,3.100,2.200,94.700;
76.70,3.100,2.200,94.700;
76.80,3.100,2.100,94.800;
76.90,3.100,2.100,94.800;
77.00,3.100,2.100,94.800;
77.10,3.100,2.100,94.800;
77.20,3.100,2.000,94.900;
77.30,3.100,2.000,94.900;
77.40,3.100,2.000,94.900;
77.50,3.100,2.000,94.900;
77.60,3.100,2.000,94.900;
77.70,3.100,1.900,95.000;
77.80,3.100,1.900,95.000;
77.90,3.100,1.900,95.000;
78.00,3.100,1.900,95.000;
78.10,3.100,1.900,95.000;
78.20,3.100,1.900,95.000;
78.30,3.100,1.900,95.000;
78.40,3.100,1.900,95.000;
78.50,3.100,1.900,95.000;
78.60,3.100,1.900,95.000;
78.70,3.100,1.900,95.000;
78.80,3.100,1.900,95.000;
78.90,3.100,1.900,95.000;
79.00,3.100,1.900,95.000;
79.10,3.100,1.900,95.000;
79.20,3.100,1.800,95.100;
79.30,3.100,1.800,95.100;
79.40,3.100,1.800,95.100;
79.50,3.100,1.800,95.100;
79.60,3.100,1.800,95.100;
79.70,3.100,1.800,95.100;
79.80,3.100,1.800,95.100;
79.90,3.100,1.800,95.100;
80.00,3.100,1.800,95.100;
80.10,3.100,1.800,95.100;
80.20,3.100,1.800,95.100;
80.30,3.100,1.800,95.100;
80.40,3.100,1.800,95.100;
80.50,3.100,1.800,95.100;
80.60,3.100,1.800,95.100;
80.70,3.100,1.800,95.100;
80.80,3.100,1.800,95.100;
80.90,3.100,1.800,95.100;
81.00,3.100,1.700,95.200;
81.10,3.100,1.700,95.200;
81.20,3.100,1.700,95.200;
81.30,3.100,1.700,95.200;
81.40,3.100,1.700,95.200;
81.50,3.100,1.700,95.200;
81.60,3.100,1.700,95.200;
81.70,3.100,1.700,95.200;
81.80,3.100,1.600,95.300;
81.90,3.100,1.500,95.400;
82.00,3.100,1.500,95.400;
82.10,3.100,1.500,95.400;
82.20,3.100,1.500,95.400;
82.30,3.100,1.400,95.500;
82.40,3.100,1.400,95.500;
82.50,3.100,1.400,95.500;
82.60,3.100,1.400,95.500;
82.70,3.100,1.400,95.500;
82.80,3.100,1.400,95.500;
82.90,3.100,1.400,95.500;
83.00,3.100,1.400,95.500;
83.10,3.100,1.400,95.500;
83.20,3.100,1.400,95.500;
83.30,3.100,1.400,95.500;
83.40,3.100,1.400,95.500;
83.50,3.100,1.400,95.500;
83.60,3.100,1.400,95.500;
83.70,3.100,1.300,95.600;
83.80,3.100,1.300,95.600;
83.90,3.100,1.300,95.600;
84.00,3.100,1.300,95.600;
84.10,3.100,1.300,95.600;
84.20,3.100,1.300,95.600;
84.30,3.100,1.200,95.700;
84.40,3.100,1.200,95.700;
84.50,3.100,1.200,95.700;
84.60,3.100,1.200,95.700;
84.70,3.100,1.200,95.700;
84.80,3.100,1.200,95.700;
84.90,3.100,1.200,95.700;
85.00,3.100,1.200,95.700;
85.10,3.100,1.200,95.700;
85.20,3.100,1.200,95.700;
85.30,3.100,1.200,95.700;
85.40,3.100,1.200,95.700;
85.50,3.100,1.100,95.800;
85.60,3.100,1.100,95.800;
85.70,3.100,1.100,95.800;
85.80,3.100,1.100,95.800;
85.90,3.100,1.100,95.800;
86.00,3.100,1.000,95.900;
86.10,3.100,1.000,95.900;
86.20,3.100,1.000,95.900;
86.30,3.100,1.000,95.900;
86.40,3.100,1.000,95.900;
86.50,3.100,1.000,95.900;
86.60,3.100,1.000,95.900;
86.70,3.100,1.000,95.900;
86.80,3.100,1.000,95.900;
86.90,3.100,0.900,96.000;
87.00,3.100,0.900,96.000;
87.10,3.100,0.900,96.000;
87.20,3.100,0.900,96.000;
87.30,3.100,0.900,96.000;
87.40,3.100,0.900,96.000;
87.50,3.100,0.900,96.000;
87.60,3.100,0.900,96.000;
87.70,3.100,0.900,96.000;
87.80,3.100,0.900,96.000;
87.90,3.100,0.900,96.000;
88.00,3.100,0.900,96.000;
88.10,3.100,0.900,96.000;
88.20,3.100,0.900,96.000;
88.30,3.100,0.900,96.000;
88.40,3.100,0.900,96.000;
88.50,3.100,0.900,96.000;
88.60,3.100,0.900,96.000;
88.70,3.100,0.900,96.000;
88.80,3.100,0.900,96.000;
88.90,3.100,0.900,96.000;
89.00,3.100,0.900,96.000;
89.10,3.100,0.900,96.000;
89.20,3.100,0.900,96.000;
89.30,3.100,0.900,96.000;
89.40,3.100,0.900,96.000;
89.50,3.100,0.900,96.000;
89.60,3.100,0.900,96.000;
89.70,3.100,0.900,96.000;
89.80,3.100,0.900,96.000;
89.90,3.100,0.900,96.000;
90.00,3.100,0.900,96.000;
90.10,3.100,0.900,96.000;
90.20,3.100,0.900,96.000;
90.30,3.100,0.900,96.000;
90.40,3.100,0.900,96.000;
90.50,3.100,0.900,96.000;
90.60,3.100,0.900,96.000;
90.70,3.100,0.900,96.000;
90.80,3.100,0.900,96.000;
90.90,3.100,0.900,96.000;
91.00,3.100,0.900,96.000;
91.10,3.100,0.900,96.000;
91.20,3.100,0.900,96.000;
91.30,3.100,0.900,96.000;
91.40,3.100,0.900,96.000;
91.50,3.100,0.900,96.000;
91.60,3.100,0.900,96.000;
91.70,3.100,0.900,96.000;
91.80,3.100,0.900,96.000;
91.90,3.100,0.900,96.000;
92.00,3.100,0.900,96.000;
92.10,3.100,0.900,96.000;
92.20,3.100,0.900,96.000;
92.30,3.100,0.900,96.000;
92.40,3.100,0.900,96.000;
92.50,3.100,0.900,96.000;
92.60,3.100,0.900,96.000;
92.70,3.100,0.900,96.000;
92.80,3.100,0.800,96.100;
92.90,3.100,0.800,96.100;
93.00,3.100,0.800,96.100;
93.10,3.100,0.800,96.100;
93.20,3.100,0.800,96.100;
93.30,3.100,0.800,96.100;
93.40,3.100,0.800,96.100;
93.50,3.100,0.800,96.100;
93.60,3.100,0.800,96.100;
93.70,3.100,0.800,96.100;
93.80,3.100,0.800,96.100;
93.90,3.100,0.700,96.200;
94.00,3.100,0.700,96.200;
94.10,3.100,0.700,96.200;
94.20,3.100,0.700,96.200;
94.30,3.100,0.700,96.200;
94.40,3.100,0.700,96.200;
94.50,3.100,0.700,96.200;
94.60,3.100,0.700,96.200;
94.70,3.100,0.700,96.200;
94.80,3.100,0.700,96.200;
94.90,3.100,0.700,96.200;
95.00,3.100,0.700,96.200;
95.10,3.100,0.700,96.200;
95.20,3.100,0.700,96.200;
95.30,3.100,0.700,96.200;
95.40,3.100,0.700,96.200;
95.50,3.100,0.700,96.200;
95.60,3.100,0.700,96.200;
95.70,3.100,0.700,96.200;
95.80,3.100,0.700,96.200;
95.90,3.100,0.700,96.200;
96.00,3.100,0.700,96.200;
96.10,3.100,0.700,96.200;
96.20,3.100,0.700,96.200;
96.30,3.100,0.700,96.200;
96.40,3.100,0.700,96.200;
96.50,3.100,0.700,96.200;
96.60,3.100,0.700,96.200;
96.70,3.100,0.700,96.200;
96.80,3.100,0.700,96.200;
96.90,3.100,0.700,96.200;
97.00,3.100,0.700,96.200;
97.10,3.100,0.700,96.200;
97.20,3.100,0.700,96.200;
97.30,3.100,0.700,96.200;
97.40,3.100,0.700,96.200;
97.50,3.100,0.700,96.200;
97.60,3.100,0.700,96.200;
97.70,3.100,0.700,96.200;
97.80,3.100,0.700,96.200;
97.90,3.100,0.700,96.200;
98.00,3.100,0.700,96.200;
98.10,3.100,0.700,96.200;
98.20,3.100,0.700,96.200;
98.30,3.100,0.700,96.200;
98.40,3.100,0.600,96.300;
98.50,3.100,0.600,96.300;
98.60,3.100,0.600,96.300;
98.70,3.100,0.600,96.300;
98.80,3.100,0.600,96.300;
98.90,3.100,0.600,96.300;
99.00,3.100,0.600,96.300;
99.10,3.100,0.600,96.300;
99.20,3.100,0.600,96.300;
99.30,3.100,0.600,96.300;
99.40,3.100,0.600,96.300;
99.50,3.100,0.600,96.300;
99.60,3.100,0.600,96.300;
99.70,3.100,0.600,96.300;
99.80,3.100,0.600,96.300;
99.90,3.100,0.600,96.300;
100.00,3.100,0.600,96.300;
100.10,3.100,0.600,96.300;
100.20,3.100,0.500,96.400;
100.30,3.100,0.400,96.500;
100.40,3.100,0.400,96.500;
100.50,3.100,0.400,96.500;
100.60,3.100,0.400,96.500;
100.70,3.100,0.400,96.500;
100.80,3.100,0.400,96.500;
100.90,3.100,0.400,96.500;
101.00,3.100,0.400,96.500;
101.10,3.100,0.400,96.500;
101.20,3.100,0.400,96.500;
101.30,3.100,0.400,96.500;
101.40,3.100,0.400,96.500;
101.50,3.100,0.400,96.500;
101.60,3.100,0.400,96.500;
101.70,3.100,0.400,96.500;
101.80,3.100,0.400,96.500;
101.90,3.100,0.400,96.500;
102.00,3.100,0.400,96.500;
102.10,3.100,0.400,96.500;
102.20,3.100,0.400,96.500;
102.30,3.100,0.300,96.600;
102.40,3.100,0.300,96.600;
102.50,3.100,0.300,96.600;
102.60,3.100,0.300,96.600;
102.70,3.100,0.300,96.600;
102.80,3.100,0.300,96.600;
102.90,3.000,0.400,96.600;
103.00,3.000,0.400,96.600;
103.10,3.000,0.400,96.600;
103.20,3.000,0.400,96.600;
103.30,3.000,0.400,96.600;
103.40,3.000,0.400,96.600;
103.50,3.000,0.400,96.600;
103.60,3.000,0.400,96.600;
103.70,3.000,0.400,96.600;
103.80,3.000,0.400,96.600;
103.90,3.000,0.400,96.600;
104.00,3.000,0.400,96.600;
104.10,3.000,0.400,96.600;
104.20,3.000,0.400,96.600;
104.30,3.000,0.400,96.600;
104.40,3.000,0.400,96.600;
104.50,3.000,0.400,96.600;
104.60,3.000,0.400,96.600;
104.70,3.000,0.400,96.600;
104.80,3.000,0.400,96.600;
104.90,3.000,0.400,96.600;
105.00,3.000,0.400,96.600;
105.10,3.000,0.400,96.600;
105.20,3.000,0.400,96.600;
105.30,3.000,0.400,96.600;
105.40,3.000,0.400,96.600;
105.50,3.000,0.400,96.600;
105.60,3.000,0.400,96.600;
105.70,3.000,0.400,96.600;
105.80,3.000,0.400,96.600;
105.90,3.000,0.400,96.600;
106.00,3.000,0.400,96.600;
106.10,3.000,0.400,96.600;
106.20,3.000,0.400,96.600;
106.30,3.000,0.400,96.600;
106.40,3.000,0.400,96.600;
106.50,3.000,0.400,96.600;
106.60,3.000,0.400,96.600;
106.70,3.000,0.400,96.600;
106.80,3.000,0.400,96.600;
106.90,3.000,0.400,96.600;
107.00,3.000,0.400,96.600;
107.10,3.000,0.400,96.600;
107.20,3.000,0.400,96.600;
107.30,3.000,0.400,96.600;
107.40,3.000,0.400,96.600;
107.50,3.000,0.400,96.600;
107.60,3.000,0.400,96.600;
107.70,3.000,0.400,96.600;
107.80,3.000,0.400,96.600;
107.90,3.000,0.400,96.600;
108.00,3.000,0.400,96.600;
108.10,3.000,0.400,96.600;
108.20,3.000,0.400,96.600;
108.30,3.000,0.400,96.600;
108.40,3.000,0.400,96.600;
108.50,3.000,0.400,96.600;
108.60,3.000,0.400,96.600;
108.70,3.000,0.300,96.700;
108.80,3.000,0.300,96.700;
108.90,3.000,0.300,96.700;
109.00,3.000,0.300,96.700;
109.10,3.000,0.300,96.700;
109.20,3.000,0.300,96.700;
109.30,3.000,0.300,96.700;
109.40,3.000,0.300,96.700;
109.50,3.000,0.300,96.700;
109.60,3.000,0.300,96.700;
109.70,3.000,0.300,96.700;
109.80,3.000,0.300,96.700;
109.90,3.000,0.300,96.700;
110.00,3.000,0.300,96.700;
110.10,3.000,0.300,96.700;
110.20,3.000,0.300,96.700;
110.30,3.000,0.300,96.700;
110.40,3.000,0.300,96.700;
110.50,3.000,0.300,96.700;
110.60,3.000,0.300,96.700;
110.70,3.000,0.300,96.700;
110.80,3.000,0.300,96.700;
110.90,3.000,0.300,96.700;
111.00,3.000,0.300,96.700;
111.10,3.000,0.200,96.800;
111.20,3.000,0.200,96.800;
111.30,3.000,0.200,96.800;
111.40,3.000,0.200,96.800;
111.50,3.000,0.200,96.800;
111.60,3.000,0.200,96.800;
111.70,3.000,0.200,96.800;
111.80,3.000,0.200,96.800;
111.90,3.000,0.200,96.800;
112.00,3.000,0.200,96.800;
112.10,3.000,0.200,96.800;
112.20,3.000,0.200,96.800;
112.30,3.000,0.200,96.800;
112.40,3.000,0.200,96.800;
112.50,3.000,0.200,96.800;
112.60,3.000,0.200,96.800;
112.70,3.000,0.200,96.800;
112.80,3.000,0.200,96.800;
112.90,3.000,0.200,96.800;
113.00,3.000,0.200,96.800;
113.10,3.000,0.200,96.800;
113.20,3.000,0.200,96.800;
113.30,3.000,0.200,96.800;
113.40,3.000,0.200,96.800;
113.50,3.000,0.200,96.800;
113.60,3.000,0.200,96.800;
113.70,3.000,0.200,96.800;
113.80,3.000,0.200,96.800;
113.90,3.000,0.200,96.800;
114.00,3.000,0.200,96.800;
114.10,3.000,0.200,96.800;
114.20,3.000,0.200,96.800;
114.30,3.000,0.200,96.800;
114.40,3.000,0.200,96.800;
114.50,3.000,0.200,96.800;
114.60,3.000,0.200,96.800;
114.70,3.000,0.200,96.800;
114.80,3.000,0.200,96.800;
114.90,3.000,0.200,96.800;
115.00,3.000,0.200,96.800;
115.10,3.000,0.200,96.800;
115.20,3.000,0.200,96.800;
115.30,3.000,0.200,96.800;
115.40,3.000,0.200,96.800;
115.50,3.000,0.200,96.800;
115.60,3.000,0.200,96.800;
115.70,3.000,0.200,96.800;
115.80,3.000,0.200,96.800;
115.90,3.000,0.200,96.800;
116.00,3.000,0.200,96.800;
116.10,3.000,0.200,96.800;
116.20,3.000,0.200,96.800;
116.30,3.000,0.200,96.800;
116.40,3.000,0.200,96.800;
116.50,3.000,0.200,96.800;
116.60,3.000,0.200,96.800;
116.70,3.000,0.200,96.800;
116.80,3.000,0.200,96.800;
116.90,3.000,0.200,96.800;
117.00,3.000,0.200,96.800;
117.10,3.000,0.200,96.800;
117.20,3.000,0.200,96.800;
117.30,3.000,0.200,96.800;
117.40,3.000,0.200,96.800;
117.50,3.000,0.200,96.800;
117.60,3.000,0.200,96.800;
117.70,3.000,0.200,96.800;
117.80,3.000,0.200,96.800;
117.90,3.000,0.200,96.800;
118.00,3.000,0.200,96.800;
118.10,3.000,0.200,96.800;
118.20,3.000,0.200,96.800;
118.30,3.000,0.200,96.800;
118.40,3.000,0.200,96.800;
118.50,3.000,0.200,96.800;
118.60,3.000,0.200,96.800;
118.70,3.000,0.200,96.800;
118.80,3.000,0.200,96.800;
118.90,3.000,0.200,96.800;
119.00,3.000,0.200,96.800;
119.10,3.000,0.200,96.800;
119.20,3.000,0.200,96.800;
119.30,3.000,0.200,96.800;
119.40,3.000,0.200,96.800;
119.50,3.000,0.200,96.800;
119.60,3.000,0.200,96.800;
119.70,3.000,0.200,96.800;
119.80,3.000,0.200,96.800;
119.90,3.000,0.200,96.800;
120.00,3.000,0.200,96.800;
120.10,3.000,0.200,96.800;
120.20,3.000,0.200,96.800;
120.30,3.000,0.200,96.800;
120.40,3.000,0.200,96.800;
120.50,3.000,0.200,96.800;
120.60,3.000,0.200,96.800;
120.70,3.000,0.200,96.800;
120.80,3.000,0.200,96.800;
120.90,3.000,0.200,96.800;
121.00,3.000,0.200,96.800;
121.10,3.000,0.200,96.800;
121.20,3.000,0.200,96.800;
121.30,3.000,0.200,96.800;
121.40,3.000,0.200,96.800;
121.50,3.000,0.200,96.800;
121.60,3.000,0.200,96.800;
121.70,3.000,0.200,96.800;
121.80,3.000,0.200,96.800;
121.90,3.000,0.200,96.800;
122.00,3.000,0.200,96.800;
122.10,3.000,0.200,96.800;
122.20,3.000,0.200,96.800;
122.30,3.000,0.200,96.800;
122.40,3.000,0.200,96.800;
122.50,3.000,0.200,96.800;
122.60,3.000,0.200,96.800;
122.70,3.000,0.200,96.800;
122.80,3.000,0.200,96.800;
122.90,3.000,0.200,96.800;
123.00,3.000,0.200,96.800;
123.10,3.000,0.200,96.800;
123.20,3.000,0.200,96.800;
123.30,3.000,0.200,96.800;
123.40,3.000,0.200,96.800;
123.50,3.000,0.200,96.800;
123.60,3.000,0.200,96.800;
123.70,3.000,0.200,96.800;
123.80,3.000,0.200,96.800;
123.90,3.000,0.200,96.800;
124.00,3.000,0.200,96.800;
124.10,3.000,0.200,96.800;
124.20,3.000,0.200,96.800;
124.30,3.000,0.200,96.800;
124.40,3.000,0.200,96.800;
124.50,3.000,0.200,96.800;
124.60,3.000,0.200,96.800;
124.70,3.000,0.200,96.800;
124.80,3.000,0.200,96.800;
124.90,3.000,0.200,96.800;
125.00,3.000,0.200,96.800;
125.10,3.000,0.200,96.800;
125.20,3.000,0.200,96.800;
125.30,3.000,0.200,96.800;
125.40,3.000,0.200,96.800;
125.50,3.000,0.200,96.800;
125.60,3.000,0.200,96.800;
125.70,3.000,0.200,96.800;
125.80,3.000,0.200,96.800;
125.90,3.000,0.200,96.800;
126.00,3.000,0.200,96.800;
126.10,3.000,0.200,96.800;
126.20,3.000,0.200,96.800;
126.30,3.000,0.200,96.800;
126.40,3.000,0.200,96.800;
126.50,3.000,0.200,96.800;
126.60,3.000,0.200,96.800;
126.70,3.000,0.200,96.800;
126.80,3.000,0.200,96.800;
126.90,3.000,0.200,96.800;
127.00,3.000,0.200,96.800;
127.10,3.000,0.200,96.800;
127.20,3.000,0.200,96.800;
127.30,3.000,0.200,96.800;
127.40,3.000,0.200,96.800;
127.50,3.000,0.200,96.800;
127.60,3.000,0.200,96.800;
127.70,3.000,0.200,96.800;
127.80,3.000,0.200,96.800;
127.90,3.000,0.200,96.800;
128.00,3.000,0.200,96.800;
128.10,3.000,0.200,96.800;
128.20,3.000,0.200,96.800;
128.30,3.000,0.200,96.800;
128.40,3.000,0.200,96.800;
128.50,3.000,0.200,96.800;
128.60,3.000,0.200,96.800;
128.70,3.000,0.200,96.800;
128.80,3.000,0.200,96.800;
128.90,3.000,0.200,96.800;
129.00,3.000,0.200,96.800;
129.10,3.000,0.200,96.800;
129.20,3.000,0.200,96.800;
129.30,3.000,0.200,96.800;
129.40,3.000,0.200,96.800;
129.50,3.000,0.200,96.800;
129.60,3.000,0.200,96.800;
129.70,3.000,0.200,96.800;
129.80,3.000,0.200,96.800;
129.90,3.000,0.200,96.800;
130.00,3.000,0.200,96.800;
130.10,3.000,0.200,96.800;
130.20,3.000,0.200,96.800;
130.30,3.000,0.200,96.800;
130.40,3.000,0.200,96.800;
130.50,3.000,0.200,96.800;
130.60,3.000,0.200,96.800;
130.70,3.000,0.200,96.800;
130.80,3.000,0.200,96.800;
130.90,3.000,0.200,96.800;
131.00,3.000,0.200,96.800;
131.10,3.000,0.200,96.800;
131.20,3.000,0.200,96.800;
131.30,3.000,0.200,96.800;
131.40,3.000,0.200,96.800;
131.50,3.000,0.200,96.800;
131.60,3.000,0.200,96.800;
131.70,3.000,0.200,96.800;
131.80,3.000,0.200,96.800;
131.90,3.000,0.200,96.800;
132.00,3.000,0.200,96.800;
132.10,3.000,0.200,96.800;
132.20,3.000,0.200,96.800;
132.30,3.000,0.200,96.800;
132.40,3.000,0.200,96.800;
132.50,3.000,0.200,96.800;
132.60,3.000,0.200,96.800;
132.70,3.000,0.200,96.800;
132.80,3.000,0.200,96.800;
132.90,3.000,0.200,96.800;
133.00,3.000,0.200,96.800;
133.10,3.000,0.200,96.800;
133.20,3.000,0.200,96.800;
133.30,3.000,0.200,96.800;
133.40,3.000,0.200,96.800;
133.50,3.000,0.200,96.800;
133.60,3.000,0.200,96.800;
133.70,3.000,0.200,96.800;
133.80,3.000,0.200,96.800;
133.90,3.000,0.200,96.800;
134.00,3.000,0.200,96.800;
134.10,3.000,0.200,96.800;
134.20,3.000,0.200,96.800;
134.30,3.000,0.200,96.800;
134.40,3.000,0.200,96.800;
134.50,3.000,0.200,96.800;
134.60,3.000,0.200,96.800;
134.70,3.000,0.200,96.800;
134.80,3.000,0.200,96.800;
134.90,3.000,0.200,96.800;
135.00,3.000,0.200,96.800;
135.10,3.000,0.200,96.800;
135.20,3.000,0.200,96.800;
135.30,3.000,0.200,96.800;
135.40,3.000,0.200,96.800;
135.50,3.000,0.200,96.800;
135.60,3.000,0.200,96.800;
135.70,3.000,0.200,96.800;
135.80,3.000,0.200,96.800;
135.90,3.000,0.200,96.800;
136.00,3.000,0.200,96.800;
136.10,3.000,0.200,96.800;
136.20,3.000,0.200,96.800;
136.30,3.000,0.200,96.800;
136.40,3.000,0.200,96.800;
136.50,3.000,0.200,96.800;
136.60,3.000,0.200,96.800;
136.70,3.000,0.200,96.800;
136.80,3.000,0.200,96.800;
136.90,3.000,0.200,96.800;
137.00,3.000,0.200,96.800;
137.10,3.000,0.200,96.800;
137.20,3.000,0.200,96.800;
137.30,3.000,0.200,96.800;
137.40,3.000,0.200,96.800;
137.50,3.000,0.200,96.800;
137.60,3.000,0.200,96.800;
137.70,3.000,0.200,96.800;
137.80,3.000,0.200,96.800;
137.90,3.000,0.200,96.800;
138.00,3.000,0.200,96.800;
138.10,3.000,0.200,96.800;
138.20,3.000,0.200,96.800;
138.30,3.000,0.200,96.800;
138.40,3.000,0.200,96.800;
138.50,3.000,0.100,96.900;
138.60,3.000,0.100,96.900;
138.70,3.000,0.100,96.900;
138.80,3.000,0.100,96.900;
138.90,3.000,0.100,96.900;
139.00,3.000,0.100,96.900;
139.10,3.000,0.100,96.900;
139.20,3.000,0.100,96.900;
139.30,3.000,0.100,96.900;
139.40,3.000,0.100,96.900;
139.50,3.000,0.100,96.900;
139.60,3.000,0.100,96.900;
139.70,3.000,0.100,96.900;
139.80,3.000,0.100,96.900;
139.90,3.000,0.100,96.900;
140.00,3.000,0.100,96.900;
140.10,3.000,0.100,96.900;
140.20,3.000,0.100,96.900;
140.30,3.000,0.100,96.900;
140.40,3.000,0.100,96.900;
140.50,3.000,0.100,96.900;
140.60,3.000,0.100,96.900;
140.70,3.000,0.100,96.900;
140.80,3.000,0.100,96.900;
140.90,3.000,0.100,96.900;
141.00,3.000,0.100,96.900;
141.10,3.000,0.100,96.900;
141.20,3.000,0.100,96.900;
141.30,3.000,0.100,96.900;
141.40,3.000,0.100,96.900;
141.50,3.000,0.100,96.900;
141.60,3.000,0.100,96.900;
141.70,3.000,0.100,96.900;
141.80,3.000,0.100,96.900;
141.90,3.000,0.100,96.900;
142.00,3.000,0.100,96.900;
142.10,3.000,0.100,96.900;
142.20,3.000,0.100,96.900;
142.30,3.000,0.100,96.900;
142.40,3.000,0.100,96.900;
142.50,3.000,0.100,96.900;
142.60,3.000,0.100,96.900;
142.70,3.000,0.100,96.900;
142.80,3.000,0.100,96.900;
142.90,3.000,0.100,96.900;
143.00,3.000,0.100,96.900;
143.10,3.000,0.100,96.900;
143.20,3.000,0.100,96.900;
143.30,3.000,0.100,96.900;
143.40,3.000,0.100,96.900;
143.50,3.000,0.100,96.900;
143.60,3.000,0.100,96.900;
143.70,3.000,0.100,96.900;
143.80,3.000,0.100,96.900;
143.90,3.000,0.100,96.900;
144.00,3.000,0.100,96.900;
144.10,3.000,0.100,96.900;
144.20,3.000,0.100,96.900;
144.30,3.000,0.100,96.900;
144.40,3.000,0.100,96.900;
144.50,3.000,0.100,96.900;
144.60,3.000,0.100,96.900;
144.70,3.000,0.100,96.900;
144.80,3.000,0.100,96.900;
144.90,3.000,0.100,96.900;
145.00,3.000,0.100,96.900;
145.10,3.000,0.100,96.900;
145.20,3.000,0.100,96.900;
145.30,3.000,0.100,96.900;
145.40,3.000,0.100,96.900;
145.50,3.000,0.100,96.900;
145.60,3.000,0.100,96.900;
145.70,3.000,0.100,96.900;
145.80,3.000,0.100,96.900;
145.90,3.000,0.100,96.900;
146.00,3.000,0.100,96.900;
146.10,3.000,0.100,96.900;
146.20,3.000,0.100,96.900;
146.30,3.000,0.100,96.900;
146.40,3.000,0.100,96.900;
146.50,3.000,0.100,96.900;
146.60,3.000,0.100,96.900;
146.70,3.000,0.100,96.900;
146.80,3.000,0.100,96.900;
146.90,3.000,0.100,96.900;
147.00,3.000,0.100,96.900;
147.10,3.000,0.100,96.900;
147.20,3.000,0.100,96.900;
147.30,3.000,0.100,96.900;
147.40,3.000,0.100,96.900;
147.50,3.000,0.100,96.900;
147.60,3.000,0.100,96.900;
147.70,3.000,0.100,96.900;
147.80,3.000,0.100,96.900;
147.90,3.000,0.100,96.900;
148.00,3.000,0.100,96.900;
148.10,3.000,0.100,96.900;
148.20,3.000,0.100,96.900;
148.30,3.000,0.100,96.900;
148.40,3.000,0.100,96.900;
148.50,3.000,0.100,96.900;
148.60,3.000,0.100,96.900;
148.70,3.000,0.100,96.900;
148.80,3.000,0.100,96.900;
148.90,3.000,0.100,96.900;
149.00,3.000,0.100,96.900;
149.10,3.000,0.100,96.900;
149.20,3.000,0.100,96.900;
