dynamics = [
0.00,990.000,10.000,0.000;
0.10,990.000,10.000,0.000;
0.20,990.000,9.900,0.100;
0.30,990.000,9.800,0.200;
0.40,989.800,10.000,0.200;
0.50,989.400,10.300,0.300;
0.60,989.300,10.200,0.500;
0.70,989.200,10.300,0.500;
0.80,988.900,10.500,0.600;
0.90,988.800,10.500,0.700;
1.00,988.400,10.900,0.700;
1.10,988.300,10.800,0.900;
1.20,987.800,11.300,0.900;
1.30,987.400,11.700,0.900;
1.40,987.100,11.800,1.100;
1.50,986.600,12.200,1.200;
1.60,986.100,12.400,1.500;
1.70,986.000,12.500,1.500;
1.80,986.000,12.400,1.600;
1.90,986.000,12.300,1.700;
2.00,985.700,12.300,2.000;
2.10,985.700,12.100,2.200;
2.20,985.500,12.100,2.400;
2.30,985.200,12.300,2.500;
2.40,985.100,12.300,2.600;
2.50,984.800,12.500,2.700;
2.60,984.400,12.800,2.800;
2.70,984.300,12.900,2.800;
2.80,984.100,12.800,3.100;
2.90,983.900,12.800,3.300;
3.00,983.600,13.100,3.300;
3.10,983.400,13.300,3.300;
3.20,983.300,13.400,3.300;
3.30,982.600,14.100,3.300;
3.40,982.500,14.000,3.500;
3.50,982.500,13.800,3.700;
3.60,982.000,14.300,3.700;
3.70,981.900,14.400,3.700;
3.80,981.400,14.900,3.700;
3.90,981.000,15.200,3.800;
4.00,980.900,15.100,4.000;
4.10,980.600,15.300,4.100;
4.20,979.900,15.700,4.400;
4.30,979.800,15.300,4.900;
4.40,979.700,15.300,5.000;
4.50,979.400,15.400,5.200;
4.60,979.300,15.500,5.200;
4.70,979.000,15.800,5.200;
4.80,978.600,16.100,5.300;
4.90,978.200,16.500,5.300;
5.00,977.700,17.000,5.300;
5.10,977.400,17.200,5.400;
5.20,976.800,17.700,5.500;
5.30,976.600,17.900,5.500;
5.40,976.200,18.200,5.600;
5.50,975.800,18.600,5.600;
5.60,975.100,19.200,5.700;
5.70,974.700,19.500,5.800;
5.80,974.500,19.600,5.900;
5.90,973.800,20.300,5.900;
6.00,973.300,20.700,6.000;
6.10,972.500,21.300,6.200;
6.20,971.900,21.800,6.300;
6.30,971.600,21.800,6.600;
6.40,970.600,22.700,6.700;
6.50,970.300,22.600,7.100;
6.60,970.100,22.700,7.200;
6.70,969.400,23.400,7.200;
6.80,968.600,24.100,7.300;
6.90,968.000,24.700,7.300;
7.00,967.900,24.400,7.700;
7.10,967.200,25.100,7.700;
7.20,966.900,24.900,8.200;
7.30,966.300,25.300,8.400;
7.40,965.800,25.800,8.400;
7.50,965.100,26.400,8.500;
7.60,964.600,26.800,8.600;
7.70,964.400,26.800,8.800;
7.80,963.800,26.900,9.300;
7.90,963.400,27.200,9.400;
8.00,962.500,28.000,9.500;
8.10,961.600,28.800,9.600;
8.20,960.900,29.400,9.700;
8.30,960.500,29.800,9.700;
8.40,959.800,30.300,9.900;
8.50,958.900,30.900,10.200;
8.60,958.200,31.400,10.400;
8.70,957.400,32.100,10.500;
8.80,956.200,33.000,10.800;
8.90,955.800,33.200,11.000;
9.00,954.900,33.400,11.700;
9.10,954.500,33.200,12.300;
9.20,953.400,34.000,12.600;
9.30,952.800,34.300,12.900;
9.40,951.400,35.600,13.000;
9.50,950.800,35.900,13.300;
9.60,949.700,36.700,13.600;
9.70,949.400,36.700,13.900;
9.80,948.700,37.100,14.200;
9.90,947.900,37.200,14.900;
10.00,946.200,38.900,14.900;
10.10,945.900,38.800,15.300;
10.20,945.400,38.900,15.700;
10.30,944.700,39.500,15.800;
10.40,944.400,39.600,16.000;
10.50,943.600,40.100,16.300;
10.60,942.900,40.500,16.600;
10.70,941.700,41.300,17.000;
10.80,940.700,42.300,17.000;
10.90,939.600,43.200,17.200;
11.00,938.800,44.000,17.200;
11.10,937.800,44.900,17.300;
11.20,937.400,44.800,17.800;
11.30,936.000,46.000,18.000;
11.40,934.900,46.800,18.300;
11.50,933.500,48.000,18.500;
11.60,932.700,48.400,18.900;
11.70,931.800,48.500,19.700;
11.80,930.800,49.100,20.100;
11.90,930.000,49.300,20.700;
12.00,928.300,50.800,20.900;
12.10,927.200,51.700,21.100;
12.20,925.500,53.200,21.300;
12.30,923.900,54.400,21.700;
12.40,923.000,55.000,22.000;
12.50,921.300,55.900,22.800;
12.60,920.200,56.400,23.400;
12.70,919.000,57.000,24.000;
12.80,917.800,57.700,24.500;
12.90,916.900,57.800,25.300;
13.00,915.800,58.600,25.600;
13.10,914.300,59.900,25.800;
13.20,912.800,61.100,26.100;
13.30,911.500,62.400,26.100;
13.40,910.000,63.300,26.700;
13.50,908.700,64.300,27.000;
13.60,907.300,65.300,27.400;
13.70,905.400,66.600,28.000;
13.80,903.500,68.200,28.300;
13.90,901.700,69.300,29.000;
14.00,900.500,70.100,29.400;
14.10,899.500,70.900,29.600;
14.20,898.500,71.100,30.400;
14.30,896.700,72.700,30.600;
14.40,895.500,73.400,31.100;
14.50,894.100,74.400,31.500;
14.60,892.100,75.900,32.000;
14.70,890.300,77.000,32.700;
14.80,888.700,78.200,33.100;
14.90,886.000,80.500,33.500;
15.00,884.000,82.100,33.900;
15.10,881.800,83.700,34.500;
15.20,880.400,84.800,34.800;
15.30,878.700,86.100,35.200;
15.40,876.400,87.800,35.800;
15.50,874.600,89.000,36.400;
15.60,873.100,89.900,37.000;
15.70,871.300,90.800,37.900;
15.80,870.000,91.000,39.000;
15.90,868.200,92.100,39.700;
16.00,866.600,92.800,40.600;
16.10,864.700,93.700,41.600;
16.20,862.500,95.300,42.200;
16.30,860.400,96.500,43.100;
16.40,859.200,97.100,43.700;
16.50,857.300,98.400,44.300;
16.60,855.700,99.300,45.000;
16.70,853.500,100.500,46.000;
16.80,852.100,101.200,46.700;
16.90,849.700,103.000,47.300;
17.00,847.800,103.300,48.900;
17.10,845.000,105.400,49.600;
17.20,842.700,107.000,50.300;
17.30,839.800,109.100,51.100;
17.40,837.700,110.300,52.000;
17.50,834.500,113.100,52.400;
17.60,832.200,114.600,53.200;
17.70,829.900,116.100,54.000;
17.80,827.900,117.100,55.000;
17.90,826.100,117.600,56.300;
18.00,824.100,119.200,56.700;
18.10,821.900,120.600,57.500;
18.20,819.400,122.300,58.300;
18.30,817.400,123.600,59.000;
18.40,814.700,125.100,60.200;
18.50,812.700,125.700,61.600;
18.60,809.700,128.000,62.300;
18.70,806.900,129.800,63.300;
18.80,804.600,131.000,64.400;
18.90,802.100,132.600,65.300;
19.00,799.000,134.900,66.100;
19.10,796.800,136.200,67.000;
19.20,793.400,138.900,67.700;
19.30,790.300,140.900,68.800;
19.40,787.800,142.200,70.000;
19.50,783.700,145.400,70.900;
19.60,781.400,146.300,72.300;
19.70,778.800,147.700,73.500;
19.80,776.400,149.600,74.000;
19.90,772.900,152.500,74.600;
20.00,769.400,154.600,76.000;
20.10,766.600,155.800,77.600;
20.20,764.700,156.700,78.600;
20.30,762.200,158.300,79.500;
20.40,759.400,159.800,80.800;
20.50,757.000,161.600,81.400;
20.60,754.100,163.600,82.300;
20.70,750.500,166.400,83.100;
20.80,747.300,168.600,84.100;
20.90,744.200,171.100,84.700;
21.00,740.700,173.500,85.800;
21.10,737.600,175.500,86.900;
21.20,735.900,176.600,87.500;
21.30,732.400,179.100,88.500;
21.40,728.900,181.300,89.800;
21.50,725.300,183.600,91.100;
21.60,722.100,185.400,92.500;
21.70,719.700,186.900,93.400;
21.80,717.000,188.600,94.400;
21.90,713.700,190.600,95.700;
22.00,710.400,192.800,96.800;
22.10,707.400,194.800,97.800;
22.20,704.200,196.800,99.000;
22.30,701.600,198.900,99.500;
22.40,696.700,202.300,101.000;
22.50,693.600,204.200,102.200;
22.60,690.000,205.800,104.200;
22.70,687.800,206.500,105.700;
22.80,684.500,208.700,106.800;
22.90,681.600,210.100,108.300;
23.00,678.900,211.200,109.900;
23.10,674.800,213.800,111.400;
23.20,671.100,216.500,112.400;
23.30,668.800,217.100,114.100;
23.40,665.200,219.200,115.600;
23.50,661.400,221.400,117.200;
23.60,657.800,223.200,119.000;
23.70,654.000,225.400,120.600;
23.80,651.100,226.500,122.400;
23.90,646.600,228.500,124.900;
24.00,643.000,230.100,126.900;
24.10,639.000,232.500,128.500;
24.20,635.300,234.900,129.800;
24.30,632.100,236.600,131.300;
24.40,628.800,238.400,132.800;
24.50,625.300,240.300,134.400;
24.60,621.000,243.200,135.800;
24.70,616.800,246.200,137.000;
24.80,613.300,248.600,138.100;
24.90,610.700,249.500,139.800;
25.00,607.600,251.300,141.100;
25.10,604.400,253.200,142.400;
25.20,600.500,255.900,143.600;
25.30,597.500,257.200,145.300;
25.40,595.300,258.100,146.600;
25.50,591.400,259.800,148.800;
25.60,587.800,262.000,150.200;
25.70,583.700,263.900,152.400;
25.80,580.100,266.100,153.800;
25.90,576.300,268.700,155.000;
26.00,572.700,270.300,157.000;
26.10,569.900,271.500,158.600;
26.20,566.000,273.400,160.600;
26.30,562.500,275.900,161.600;
26.40,558.600,278.300,163.100;
26.50,554.500,280.900,164.600;
26.60,550.600,282.800,166.600;
26.70,546.100,285.200,168.700;
26.80,541.900,287.800,170.300;
26.90,537.700,290.000,172.300;
27.00,533.700,292.200,174.100;
27.10,530.700,293.500,175.800;
27.20,526.200,295.700,178.100;
27.30,522.100,297.500,180.400;
27.40,519.700,297.800,182.500;
27.50,515.200,300.900,183.900;
