dynamics = [
0.00,9990.000,10.000,0.000;
0.10,9990.000,10.000,0.000;
0.20,9990.000,10.000,0.000;
0.30,9990.000,10.000,0.000;
0.40,9990.000,10.000,0.000;
0.50,9989.000,11.000,0.000;
0.60,9989.000,11.000,0.000;
0.70,9989.000,11.000,0.000;
0.80,9989.000,11.000,0.000;
0.90,9989.000,11.000,0.000;
1.00,9989.000,11.000,0.000;
1.10,9989.000,11.000,0.000;
1.20,9988.000,12.000,0.000;
1.30,9988.000,12.000,0.000;
1.40,9988.000,12.000,0.000;
1.50,9986.000,14.000,0.000;
1.60,9986.000,14.000,0.000;
1.70,9985.000,15.000,0.000;
1.80,9984.000,16.000,0.000;
1.90,9984.000,16.000,0.000;
2.00,9983.000,17.000,0.000;
2.10,9983.000,17.000,0.000;
2.20,9983.000,17.000,0.000;
2.30,9983.000,16.000,1.000;
2.40,9983.000,16.000,1.000;
2.50,9983.000,16.000,1.000;
2.60,9982.000,17.000,1.000;
2.70,9981.000,18.000,1.000;
2.80,9981.000,18.000,1.000;
2.90,9980.000,19.000,1.000;
3.00,9980.000,19.000,1.000;
3.10,9979.000,20.000,1.000;
3.20,9978.000,21.000,1.000;
3.30,9977.000,21.000,2.000;
3.40,9975.000,23.000,2.000;
3.50,9974.000,24.000,2.000;
3.60,9974.000,24.000,2.000;
3.70,9973.000,25.000,2.000;
3.80,9973.000,25.000,2.000;
3.90,9973.000,25.000,2.000;
4.00,9973.000,25.000,2.000;
4.10,9973.000,25.000,2.000;
4.20,9973.000,25.000,2.000;
4.30,9971.000,26.000,3.000;
4.40,9971.000,26.000,3.000;
4.50,9968.000,29.000,3.000;
4.60,9966.000,31.000,3.000;
4.70,9966.000,31.000,3.000;
4.80,9964.000,32.000,4.000;
4.90,9963.000,33.000,4.000;
5.00,9962.000,33.000,5.000;
5.10,9961.000,33.000,6.000;
5.20,9961.000,33.000,6.000;
5.30,9960.000,34.000,6.000;
5.40,9958.000,36.000,6.000;
5.50,9958.000,36.000,6.000;
5.60,9956.000,38.000,6.000;
5.70,9955.000,39.000,6.000;
5.80,9955.000,39.000,6.000;
5.90,9955.000,38.000,7.000;
6.00,9955.000,38.000,7.000;
6.10,9954.000,39.000,7.000;
6.20,9953.000,40.000,7.000;
6.30,9951.000,42.000,7.000;
6.40,9951.000,42.000,7.000;
6.50,9951.000,42.000,7.000;
6.60,9950.000,43.000,7.000;
6.70,9949.000,44.000,7.000;
6.80,9949.000,44.000,7.000;
6.90,9949.000,43.000,8.000;
7.00,9949.000,43.000,8.000;
7.10,9949.000,43.000,8.000;
7.20,9948.000,43.000,9.000;
7.30,9946.000,45.000,9.000;
7.40,9945.000,46.000,9.000;
7.50,9943.000,48.000,9.000;
7.60,9942.000,49.000,9.000;
7.70,9942.000,49.000,9.000;
7.80,9941.000,50.000,9.000;
7.90,9940.000,51.000,9.000;
8.00,9939.000,52.000,9.000;
8.10,9938.000,53.000,9.000;
8.20,9937.000,53.000,10.000;
8.30,9935.000,53.000,12.000;
8.40,9934.000,54.000,12.000;
8.50,9934.000,54.000,12.000;
8.60,9933.000,55.000,12.000;
8.70,9930.000,57.000,13.000;
8.80,9929.000,58.000,13.000;
8.90,9929.000,58.000,13.000;
9.00,9927.000,60.000,13.000;
9.10,9927.000,60.000,13.000;
9.20,9927.000,59.000,14.000;
9.30,9924.000,62.000,14.000;
9.40,9920.000,64.000,16.000;
9.50,9918.000,65.000,17.000;
9.60,9916.000,67.000,17.000;
9.70,9914.000,69.000,17.000;
9.80,9913.000,70.000,17.000;
9.90,9912.000,71.000,17.000;
10.00,9909.000,74.000,17.000;
10.10,9904.000,79.000,17.000;
10.20,9902.000,81.000,17.000;
10.30,9901.000,80.000,19.000;
10.40,9898.000,83.000,19.000;
10.50,9895.000,85.000,20.000;
10.60,9892.000,86.000,22.000;
10.70,9891.000,87.000,22.000;
10.80,9889.000,88.000,23.000;
10.90,9887.000,89.000,24.000;
11.00,9885.000,91.000,24.000;
11.10,9883.000,92.000,25.000;
11.20,9882.000,93.000,25.000;
11.30,9879.000,96.000,25.000;
11.40,9878.000,94.000,28.000;
11.50,9877.000,94.000,29.000;
11.60,9876.000,94.000,30.000;
11.70,9873.000,97.000,30.000;
11.80,9871.000,99.000,30.000;
11.90,9868.000,101.000,31.000;
12.00,9865.000,104.000,31.000;
12.10,9863.000,105.000,32.000;
12.20,9860.000,107.000,33.000;
12.30,9857.000,109.000,34.000;
12.40,9855.000,110.000,35.000;
12.50,9853.000,112.000,35.000;
12.60,9852.000,112.000,36.000;
12.70,9850.000,111.000,39.000;
12.80,9848.000,112.000,40.000;
12.90,9846.000,114.000,40.000;
13.00,9839.000,121.000,40.000;
13.10,9838.000,121.000,41.000;
13.20,9837.000,121.000,42.000;
13.30,9837.000,121.000,42.000;
13.40,9834.000,122.000,44.000;
13.50,9830.000,125.000,45.000;
13.60,9829.000,125.000,46.000;
13.70,9826.000,126.000,48.000;
13.80,9824.000,128.000,48.000;
13.90,9822.000,130.000,48.000;
14.00,9821.000,129.000,50.000;
14.10,9815.000,135.000,50.000;
14.20,9814.000,136.000,50.000;
14.30,9813.000,135.000,52.000;
14.40,9812.000,135.000,53.000;
14.50,9809.000,138.000,53.000;
14.60,9804.000,139.000,57.000;
14.70,9804.000,138.000,58.000;
14.80,9801.000,140.000,59.000;
14.90,9800.000,140.000,60.000;
15.00,9796.000,143.000,61.000;
15.10,9792.000,146.000,62.000;
15.20,9787.000,148.000,65.000;
15.30,9783.000,152.000,65.000;
15.40,9779.000,154.000,67.000;
15.50,9773.000,159.000,68.000;
15.60,9767.000,164.000,69.000;
15.70,9759.000,172.000,69.000;
15.80,9758.000,172.000,70.000;
15.90,9752.000,177.000,71.000;
16.00,9749.000,180.000,71.000;
16.10,9743.000,183.000,74.000;
16.20,9739.000,183.000,78.000;
16.30,9732.000,187.000,81.000;
16.40,9725.000,194.000,81.000;
16.50,9722.000,195.000,83.000;
16.60,9717.000,200.000,83.000;
16.70,9710.000,206.000,84.000;
16.80,9703.000,212.000,85.000;
16.90,9698.000,216.000,86.000;
17.00,9694.000,219.000,87.000;
17.10,9692.000,218.000,90.000;
17.20,9689.000,220.000,91.000;
17.30,9682.000,226.000,92.000;
17.40,9671.000,236.000,93.000;
17.50,9666.000,236.000,98.000;
17.60,9663.000,237.000,100.000;
17.70,9659.000,240.000,101.000;
17.80,9653.000,245.000,102.000;
17.90,9647.000,251.000,102.000;
18.00,9643.000,255.000,102.000;
18.10,9640.000,256.000,104.000;
18.20,9631.000,263.000,106.000;
18.30,9626.000,266.000,108.000;
18.40,9621.000,270.000,109.000;
18.50,9617.000,274.000,109.000;
18.60,9606.000,284.000,110.000;
18.70,9599.000,290.000,111.000;
18.80,9590.000,297.000,113.000;
18.90,9584.000,302.000,114.000;
19.00,9578.000,305.000,117.000;
19.10,9570.000,311.000,119.000;
19.20,9560.000,321.000,119.000;
19.30,9555.000,325.000,120.000;
19.40,9550.000,327.000,123.000;
19.50,9540.000,337.000,123.000;
19.60,9529.000,347.000,124.000;
19.70,9521.000,351.000,128.000;
19.80,9514.000,357.000,129.000;
19.90,9507.000,362.000,131.000;
20.00,9495.000,374.000,131.000;
20.10,9488.000,375.000,137.000;
20.20,9480.000,380.000,140.000;
20.30,9471.000,386.000,143.000;
20.40,9462.000,392.000,146.000;
20.50,9454.000,395.000,151.000;
20.60,9445.000,402.000,153.000;
20.70,9436.000,409.000,155.000;
20.80,9424.000,421.000,155.000;
20.90,9416.000,426.000,158.000;
21.00,9409.000,425.000,166.000;
21.10,9397.000,433.000,170.000;
21.20,9390.000,439.000,171.000;
21.30,9385.000,438.000,177.000;
21.40,9379.000,443.000,178.000;
21.50,9374.000,446.000,180.000;
21.60,9360.000,460.000,180.000;
21.70,9345.000,472.000,183.000;
21.80,9335.000,475.000,190.000;
21.90,9327.000,480.000,193.000;
22.00,9319.000,483.000,198.000;
22.10,9309.000,489.000,202.000;
22.20,9296.000,499.000,205.000;
22.30,9292.000,500.000,208.000;
22.40,9280.000,510.000,210.000;
22.50,9270.000,520.000,210.000;
22.60,9259.000,528.000,213.000;
22.70,9247.000,540.000,213.000;
22.80,9230.000,555.000,215.000;
22.90,9215.000,564.000,221.000;
23.00,9199.000,574.000,227.000;
23.10,9182.000,588.000,230.000;
23.20,9172.000,596.000,232.000;
23.30,9160.000,605.000,235.000;
23.40,9144.000,615.000,241.000;
23.50,9121.000,636.000,243.000;
23.60,9106.000,646.000,248.000;
23.70,9085.000,665.000,250.000;
23.80,9062.000,684.000,254.000;
23.90,9037.000,705.000,258.000;
24.00,9021.000,710.000,269.000;
24.10,9007.000,721.000,272.000;
24.20,8990.000,732.000,278.000;
24.30,8974.000,742.000,284.000;
24.40,8954.000,755.000,291.000;
24.50,8933.000,768.000,299.000;
24.60,8910.000,786.000,304.000;
24.70,8897.000,793.000,310.000;
24.80,8883.000,797.000,320.000;
24.90,8868.000,805.000,327.000;
25.00,8852.000,818.000,330.000;
25.10,8841.000,824.000,335.000;
25.20,8827.000,834.000,339.000;
25.30,8809.000,847.000,344.000;
25.40,8792.000,857.000,351.000;
25.50,8777.000,867.000,356.000;
25.60,8751.000,889.000,360.000;
25.70,8724.000,908.000,368.000;
25.80,8699.000,924.000,377.000;
25.90,8676.000,945.000,379.000;
26.00,8654.000,960.000,386.000;
26.10,8632.000,975.000,393.000;
26.20,8617.000,981.000,402.000;
26.30,8596.000,996.000,408.000;
