dynamics = [
0.00,90.000,10.000,0.000;
0.10,90.000,10.000,0.000;
0.20,90.000,9.900,0.100;
0.30,90.000,9.800,0.200;
0.40,89.900,9.900,0.200;
0.50,89.900,9.800,0.300;
0.60,89.800,9.700,0.500;
0.70,89.800,9.700,0.500;
0.80,89.600,9.800,0.600;
0.90,89.600,9.700,0.700;
1.00,89.600,9.700,0.700;
1.10,89.400,9.800,0.800;
1.20,89.300,9.900,0.800;
1.30,89.300,9.900,0.800;
1.40,89.300,9.700,1.000;
1.50,89.100,9.800,1.100;
1.60,89.000,9.700,1.300;
1.70,88.900,9.800,1.300;
1.80,88.800,9.800,1.400;
1.90,88.700,9.800,1.500;
2.00,88.500,9.900,1.600;
2.10,88.100,10.200,1.700;
2.20,88.100,10.000,1.900;
2.30,88.000,10.100,1.900;
2.40,87.900,10.100,2.000;
2.50,87.700,10.200,2.100;
2.60,87.700,10.100,2.200;
2.70,87.700,10.100,2.200;
2.80,87.600,10.000,2.400;
2.90,87.400,10.100,2.500;
3.00,87.100,10.400,2.500;
3.10,87.000,10.500,2.500;
3.20,86.800,10.700,2.500;
3.30,86.500,11.000,2.500;
3.40,86.300,11.200,2.500;
3.50,85.900,11.400,2.700;
3.60,85.900,11.300,2.800;
3.70,85.800,11.300,2.900;
3.80,85.300,11.700,3.000;
3.90,85.100,11.800,3.100;
4.00,84.800,12.000,3.200;
4.10,84.800,11.900,3.300;
4.20,84.600,11.900,3.500;
4.30,84.400,12.100,3.500;
4.40,84.000,12.400,3.600;
4.50,83.900,12.300,3.800;
4.60,83.400,12.800,3.800;
4.70,83.200,13.000,3.800;
4.80,83.200,13.000,3.800;
4.90,83.100,13.100,3.800;
5.00,82.800,13.300,3.900;
5.10,82.800,13.200,4.000;
5.20,82.400,13.500,4.100;
5.30,82.300,13.600,4.100;
5.40,82.300,13.500,4.200;
5.50,82.100,13.700,4.200;
5.60,82.100,13.600,4.300;
5.70,82.000,13.600,4.400;
5.80,82.000,13.600,4.400;
5.90,82.000,13.600,4.400;
6.00,81.600,13.900,4.500;
6.10,81.400,14.000,4.600;
6.20,81.100,14.200,4.700;
6.30,80.800,14.400,4.800;
6.40,80.200,14.900,4.900;
6.50,79.900,14.900,5.200;
6.60,79.500,15.300,5.200;
6.70,79.300,15.500,5.200;
6.80,78.900,15.800,5.300;
6.90,78.900,15.700,5.400;
7.00,78.700,15.800,5.500;
7.10,78.600,15.800,5.600;
7.20,78.300,16.100,5.600;
7.30,78.100,16.200,5.700;
7.40,77.900,16.300,5.800;
7.50,77.800,16.200,6.000;
7.60,77.500,16.400,6.100;
7.70,77.400,16.400,6.200;
7.80,77.300,16.000,6.700;
7.90,76.900,16.300,6.800;
8.00,76.800,16.400,6.800;
8.10,76.300,16.800,6.900;
8.20,75.700,17.300,7.000;
8.30,75.400,17.300,7.300;
8.40,74.800,17.600,7.600;
8.50,74.700,17.600,7.700;
8.60,74.700,17.300,8.000;
8.70,74.600,17.400,8.000;
8.80,74.200,17.600,8.200;
8.90,73.800,17.900,8.300;
9.00,73.400,18.000,8.600;
9.10,73.000,18.400,8.600;
9.20,72.900,18.300,8.800;
9.30,72.600,18.600,8.800;
9.40,72.200,19.000,8.800;
9.50,72.100,19.100,8.800;
9.60,71.700,19.400,8.900;
9.70,71.500,19.300,9.200;
9.80,71.000,19.700,9.300;
9.90,70.600,20.000,9.400;
10.00,70.200,20.300,9.500;
10.10,70.200,20.300,9.500;
10.20,69.500,20.800,9.700;
10.30,69.300,20.800,9.900;
10.40,68.600,21.300,10.100;
10.50,68.600,21.200,10.200;
10.60,68.500,20.700,10.800;
10.70,68.300,20.500,11.200;
10.80,68.000,20.700,11.300;
10.90,67.600,20.900,11.500;
11.00,67.000,21.500,11.500;
11.10,67.000,21.500,11.500;
11.20,67.000,21.500,11.500;
11.30,66.800,21.500,11.700;
11.40,66.500,21.600,11.900;
11.50,66.400,21.700,11.900;
11.60,66.000,21.900,12.100;
11.70,65.900,21.500,12.600;
11.80,65.600,21.700,12.700;
11.90,65.300,22.000,12.700;
12.00,65.200,21.800,13.000;
12.10,65.100,21.600,13.300;
12.20,64.900,21.700,13.400;
12.30,64.800,21.600,13.600;
12.40,64.600,21.500,13.900;
12.50,64.500,21.000,14.500;
12.60,64.400,21.000,14.600;
12.70,64.300,21.100,14.600;
12.80,64.100,21.200,14.700;
12.90,63.900,21.100,15.000;
13.00,63.500,21.300,15.200;
13.10,63.300,21.200,15.500;
13.20,63.100,21.200,15.700;
13.30,63.000,21.200,15.800;
13.40,62.600,21.400,16.000;
13.50,62.600,21.200,16.200;
13.60,62.600,21.000,16.400;
13.70,62.000,21.400,16.600;
13.80,61.600,21.800,16.600;
13.90,61.300,22.000,16.700;
14.00,61.100,22.100,16.800;
14.10,61.000,21.800,17.200;
14.20,60.800,21.900,17.300;
14.30,60.400,22.100,17.500;
14.40,60.200,22.300,17.500;
14.50,59.800,22.600,17.600;
14.60,59.700,22.700,17.600;
14.70,59.300,22.900,17.800;
14.80,58.800,23.200,18.000;
14.90,58.600,23.300,18.100;
15.00,58.300,23.600,18.100;
15.10,57.900,23.700,18.400;
15.20,57.800,23.800,18.400;
15.30,57.500,23.900,18.600;
15.40,57.300,23.900,18.800;
15.50,57.300,23.800,18.900;
15.60,56.700,24.100,19.200;
15.70,56.600,23.900,19.500;
15.80,56.000,24.500,19.500;
15.90,55.600,24.600,19.800;
16.00,55.400,24.600,20.000;
16.10,55.200,24.400,20.400;
16.20,54.800,24.500,20.700;
16.30,54.300,24.900,20.800;
16.40,54.000,25.000,21.000;
16.50,53.700,25.200,21.100;
16.60,53.100,25.800,21.100;
16.70,52.900,25.800,21.300;
16.80,52.700,26.000,21.300;
16.90,52.200,25.800,22.000;
17.00,51.700,26.200,22.100;
17.10,51.400,26.500,22.100;
17.20,51.000,26.600,22.400;
17.30,50.900,26.400,22.700;
17.40,50.400,26.600,23.000;
17.50,50.100,26.700,23.200;
17.60,49.900,26.400,23.700;
17.70,49.600,26.300,24.100;
17.80,49.200,26.400,24.400;
17.90,48.700,26.800,24.500;
18.00,48.700,26.600,24.700;
18.10,48.500,26.600,24.900;
18.20,48.300,26.500,25.200;
18.30,48.000,26.600,25.400;
18.40,47.800,26.600,25.600;
18.50,47.600,26.600,25.800;
18.60,47.300,26.500,26.200;
18.70,46.800,26.900,26.300;
18.80,46.600,26.900,26.500;
18.90,46.100,27.200,26.700;
19.00,45.900,27.100,27.000;
19.10,45.900,26.900,27.200;
19.20,45.500,27.100,27.400;
19.30,45.500,27.000,27.500;
19.40,45.200,26.700,28.100;
19.50,45.100,26.800,28.100;
19.60,45.100,26.800,28.100;
19.70,44.900,26.800,28.300;
19.80,44.800,26.700,28.500;
19.90,44.800,26.700,28.500;
20.00,44.300,27.100,28.600;
20.10,44.100,27.200,28.700;
20.20,43.700,27.500,28.800;
20.30,43.600,27.200,29.200;
20.40,43.400,27.200,29.400;
20.50,43.300,27.000,29.700;
20.60,43.100,26.700,30.200;
20.70,42.800,26.900,30.300;
20.80,42.600,26.800,30.600;
20.90,42.300,26.800,30.900;
21.00,42.000,26.900,31.100;
21.10,41.200,27.600,31.200;
21.20,41.000,27.300,31.700;
21.30,41.000,27.100,31.900;
21.40,40.900,27.200,31.900;
21.50,40.600,27.300,32.100;
21.60,40.400,26.800,32.800;
21.70,40.300,26.700,33.000;
21.80,40.300,26.500,33.200;
21.90,40.000,26.600,33.400;
22.00,40.000,26.400,33.600;
22.10,39.700,26.500,33.800;
22.20,39.500,26.700,33.800;
22.30,39.000,27.100,33.900;
22.40,38.900,27.200,33.900;
22.50,38.700,27.300,34.000;
22.60,38.300,27.400,34.300;
22.70,38.100,27.200,34.700;
22.80,38.000,27.200,34.800;
22.90,37.800,27.400,34.800;
23.00,37.500,27.500,35.000;
23.10,37.300,27.200,35.500;
23.20,36.900,27.600,35.500;
23.30,36.700,27.600,35.700;
23.40,36.400,27.700,35.900;
23.50,36.100,27.900,36.000;
23.60,35.900,27.800,36.300;
23.70,35.600,27.800,36.600;
23.80,35.400,27.800,36.800;
23.90,35.300,27.900,36.800;
24.00,35.300,27.700,37.000;
24.10,35.000,27.900,37.100;
24.20,34.900,27.700,37.400;
24.30,34.900,27.400,37.700;
24.40,34.800,27.400,37.800;
24.50,34.300,27.900,37.800;
24.60,34.300,27.800,37.900;
24.70,34.200,27.600,38.200;
24.80,34.000,27.400,38.600;
24.90,33.900,27.400,38.700;
25.00,33.700,27.400,38.900;
25.10,33.600,27.300,39.100;
25.20,33.300,27.600,39.100;
25.30,33.100,27.500,39.400;
25.40,32.900,27.300,39.800;
25.50,32.800,27.100,40.100;
25.60,32.800,27.000,40.200;
25.70,32.600,27.000,40.400;
25.80,32.600,26.700,40.700;
25.90,32.500,26.400,41.100;
26.00,32.500,26.300,41.200;
26.10,32.300,26.400,41.300;
26.20,32.100,26.500,41.400;
26.30,31.900,26.500,41.600;
26.40,31.900,26.300,41.800;
26.50,31.900,26.300,41.800;
26.60,31.700,26.100,42.200;
26.70,31.700,26.100,42.200;
26.80,31.500,26.100,42.400;
26.90,31.500,26.000,42.500;
27.00,31.300,26.000,42.700;
27.10,31.200,26.000,42.800;
27.20,31.100,25.900,43.000;
27.30,31.000,25.700,43.300;
27.40,31.000,25.600,43.400;
27.50,30.900,25.400,43.700;
27.60,30.700,25.500,43.800;
27.70,30.600,25.400,44.000;
27.80,30.300,25.500,44.200;
27.90,30.100,25.600,44.300;
28.00,29.800,25.900,44.300;
28.10,29.600,26.100,44.300;
28.20,29.300,26.100,44.600;
28.30,29.200,26.000,44.800;
28.40,29.200,25.700,45.100;
28.50,29.200,25.600,45.200;
28.60,29.000,25.700,45.300;
28.70,29.000,25.500,45.500;
28.80,28.900,25.500,45.600;
28.90,28.700,25.400,45.900;
29.00,28.500,25.400,46.100;
29.10,28.500,25.400,46.100;
29.20,28.100,25.500,46.400;
29.30,28.000,25.300,46.700;
29.40,27.800,25.500,46.700;
29.50,27.700,25.300,47.000;
29.60,27.600,25.100,47.300;
29.70,27.400,25.200,47.400;
29.80,27.200,25.200,47.600;
29.90,27.000,25.100,47.900;
30.00,27.000,24.900,48.100;
30.10,26.700,24.900,48.400;
30.20,26.700,24.300,49.000;
30.30,26.500,24.400,49.100;
30.40,26.300,24.500,49.200;
30.50,26.200,24.300,49.500;
30.60,26.100,24.200,49.700;
30.70,25.900,24.400,49.700;
30.80,25.800,24.400,49.800;
30.90,25.700,24.200,50.100;
31.00,25.500,24.300,50.200;
31.10,25.500,23.900,50.600;
31.20,25.400,23.700,50.900;
31.30,25.200,23.800,51.000;
31.40,25.200,23.600,51.200;
31.50,25.000,23.700,51.300;
31.60,24.800,23.500,51.700;
31.70,24.800,23.200,52.000;
31.80,24.800,23.100,52.100;
31.90,24.700,23.200,52.100;
32.00,24.600,23.000,52.400;
32.10,24.600,22.800,52.600;
32.20,24.600,22.800,52.600;
32.30,24.500,22.900,52.600;
32.40,24.200,23.100,52.700;
32.50,24.200,23.000,52.800;
32.60,24.100,22.600,53.300;
32.70,24.000,22.400,53.600;
32.80,23.800,22.300,53.900;
32.90,23.600,22.300,54.100;
33.00,23.300,22.500,54.200;
33.10,23.300,22.400,54.300;
33.20,23.300,22.400,54.300;
33.30,23.200,22.300,54.500;
33.40,23.200,22.100,54.700;
33.50,23.200,21.900,54.900;
33.60,23.100,21.900,55.000;
33.70,23.000,22.000,55.000;
33.80,22.900,21.900,55.200;
33.90,22.900,21.800,55.300;
34.00,22.900,21.700,55.400;
34.10,22.800,21.700,55.500;
34.20,22.800,21.700,55.500;
34.30,22.700,21.600,55.700;
34.40,22.500,21.400,56.100;
34.50,22.500,21.300,56.200;
34.60,22.500,21.000,56.500;
34.70,22.400,21.000,56.600;
34.80,22.300,20.900,56.800;
34.90,22.000,20.900,57.100;
35.00,21.900,21.000,57.100;
35.10,21.900,20.700,57.400;
35.20,21.800,20.600,57.600;
35.30,21.800,20.100,58.100;
35.40,21.700,20.200,58.100;
35.50,21.700,20.100,58.200;
35.60,21.700,20.100,58.200;
35.70,21.600,20.100,58.300;
35.80,21.500,20.100,58.400;
35.90,21.400,20.100,58.500;
36.00,21.200,20.000,58.800;
36.10,21.000,20.000,59.000;
36.20,20.800,19.700,59.500;
36.30,20.800,19.400,59.800;
36.40,20.700,19.400,59.900;
36.50,20.600,19.500,59.900;
36.60,20.600,19.200,60.200;
36.70,20.400,19.300,60.300;
36.80,20.300,19.300,60.400;
36.90,20.100,19.300,60.600;
37.00,20.100,19.200,60.700;
37.10,20.000,19.300,60.700;
37.20,19.900,19.200,60.900;
37.30,19.800,18.900,61.300;
37.40,19.800,18.900,61.300;
37.50,19.800,18.600,61.600;
37.60,19.700,18.700,61.600;
37.70,19.600,18.800,61.600;
37.80,19.600,18.700,61.700;
37.90,19.500,18.600,61.900;
38.00,19.500,18.400,62.100;
38.10,19.400,18.500,62.100;
38.20,19.400,18.500,62.100;
38.30,19.300,18.500,62.200;
38.40,19.300,18.400,62.300;
38.50,19.200,18.400,62.400;
38.60,19.200,18.300,62.500;
38.70,19.200,18.300,62.500;
38.80,19.200,18.100,62.700;
38.90,19.100,18.100,62.800;
39.00,19.100,17.800,63.100;
39.10,19.000,17.900,63.100;
39.20,18.900,17.900,63.200;
39.30,18.800,17.900,63.300;
39.40,18.800,17.900,63.300;
39.50,18.800,17.800,63.400;
39.60,18.800,17.600,63.600;
39.70,18.800,17.600,63.600;
39.80,18.800,17.500,63.700;
39.90,18.700,17.500,63.800;
40.00,18.700,17.300,64.000;
40.10,18.700,17.200,64.100;
40.20,18.700,17.100,64.200;
40.30,18.700,17.100,64.200;
40.40,18.700,17.100,64.200;
40.50,18.700,17.000,64.300;
40.60,18.700,16.900,64.400;
40.70,18.700,16.900,64.400;
40.80,18.700,16.800,64.500;
40.90,18.700,16.500,64.800;
41.00,18.700,16.200,65.100;
41.10,18.700,16.000,65.300;
41.20,18.700,16.000,65.300;
41.30,18.700,15.800,65.500;
41.40,18.700,15.500,65.800;
41.50,18.600,15.300,66.100;
41.60,18.600,15.100,66.300;
41.70,18.600,14.900,66.500;
41.80,18.500,15.000,66.500;
41.90,18.500,14.900,66.600;
42.00,18.400,15.000,66.600;
42.10,18.400,15.000,66.600;
42.20,18.400,15.000,66.600;
42.30,18.400,14.900,66.700;
42.40,18.400,14.800,66.800;
42.50,18.400,14.600,67.000;
42.60,18.200,14.800,67.000;
42.70,18.200,14.800,67.000;
42.80,18.000,14.900,67.100;
42.90,17.800,15.100,67.100;
43.00,17.800,15.100,67.100;
43.10,17.700,15.200,67.100;
43.20,17.700,15.100,67.200;
43.30,17.600,15.100,67.300;
43.40,17.600,15.100,67.300;
43.50,17.600,15.000,67.400;
43.60,17.600,14.700,67.700;
43.70,17.600,14.500,67.900;
43.80,17.500,14.500,68.000;
43.90,17.500,14.400,68.100;
44.00,17.500,14.300,68.200;
44.10,17.500,14.300,68.200;
44.20,17.500,14.100,68.400;
44.30,17.500,14.100,68.400;
44.40,17.500,13.900,68.600;
44.50,17.500,13.800,68.700;
44.60,17.500,13.500,69.000;
44.70,17.500,13.500,69.000;
44.80,17.500,13.500,69.000;
44.90,17.400,13.600,69.000;
45.00,17.300,13.700,69.000;
45.10,17.300,13.600,69.100;
45.20,17.300,13.600,69.100;
45.30,17.300,13.300,69.400;
45.40,17.200,13.300,69.500;
45.50,17.200,13.100,69.700;
45.60,17.200,13.100,69.700;
45.70,17.200,13.000,69.800;
45.80,17.200,12.700,70.100;
45.90,17.200,12.400,70.400;
46.00,17.100,12.300,70.600;
46.10,17.000,12.300,70.700;
46.20,17.000,12.300,70.700;
46.30,17.000,12.300,70.700;
46.40,17.000,12.200,70.800;
46.50,16.900,12.200,70.900;
46.60,16.900,12.100,71.000;
46.70,16.900,12.000,71.100;
46.80,16.800,12.100,71.100;
46.90,16.700,12.200,71.100;
47.00,16.700,12.200,71.100;
47.10,16.700,12.000,71.300;
47.20,16.500,12.100,71.400;
47.30,16.300,12.200,71.500;
47.40,16.300,12.200,71.500;
47.50,16.300,12.100,71.600;
47.60,16.300,12.100,71.600;
47.70,16.300,12.100,71.600;
47.80,16.300,12.100,71.600;
47.90,16.200,12.200,71.600;
48.00,16.100,12.200,71.700;
48.10,16.000,12.000,72.000;
48.20,16.000,11.900,72.100;
48.30,16.000,11.900,72.100;
48.40,16.000,11.900,72.100;
48.50,16.000,11.800,72.200;
48.60,16.000,11.700,72.300;
48.70,16.000,11.600,72.400;
48.80,16.000,11.600,72.400;
48.90,16.000,11.500,72.500;
49.00,15.900,11.600,72.500;
49.10,15.900,11.500,72.600;
49.20,15.800,11.600,72.600;
49.30,15.800,11.500,72.700;
49.40,15.800,11.400,72.800;
49.50,15.700,11.500,72.800;
49.60,15.700,11.300,73.000;
49.70,15.700,11.300,73.000;
49.80,15.600,11.400,73.000;
49.90,15.600,11.200,73.200;
50.00,15.600,11.200,73.200;
50.10,15.500,11.300,73.200;
50.20,15.500,11.300,73.200;
50.30,15.500,11.100,73.400;
50.40,15.500,11.000,73.500;
50.50,15.500,10.900,73.600;
50.60,15.300,11.100,73.600;
50.70,15.200,11.100,73.700;
50.80,15.200,11.100,73.700;
50.90,15.200,11.100,73.700;
51.00,15.200,10.900,73.900;
51.10,15.200,10.800,74.000;
51.20,15.200,10.600,74.200;
51.30,15.200,10.600,74.200;
51.40,15.200,10.400,74.400;
51.50,15.100,10.500,74.400;
51.60,15.100,10.400,74.500;
51.70,15.100,10.300,74.600;
51.80,15.100,10.200,74.700;
51.90,14.900,10.300,74.800;
52.00,14.900,10.300,74.800;
52.10,14.900,9.700,75.400;
52.20,14.900,9.600,75.500;
52.30,14.800,9.600,75.600;
52.40,14.800,9.600,75.600;
52.50,14.700,9.700,75.600;
52.60,14.600,9.700,75.700;
52.70,14.600,9.700,75.700;
52.80,14.600,9.700,75.700;
52.90,14.600,9.700,75.700;
53.00,14.600,9.400,76.000;
53.10,14.600,9.300,76.100;
53.20,14.600,9.300,76.100;
53.30,14.500,9.400,76.100;
53.40,14.500,9.200,76.300;
53.50,14.500,9.100,76.400;
53.60,14.500,8.800,76.700;
53.70,14.400,8.900,76.700;
53.80,14.400,8.800,76.800;
53.90,14.400,8.800,76.800;
54.00,14.400,8.600,77.000;
54.10,14.400,8.600,77.000;
54.20,14.400,8.400,77.200;
54.30,14.400,8.300,77.300;
54.40,14.300,8.400,77.300;
54.50,14.300,8.300,77.400;
54.60,14.300,7.900,77.800;
54.70,14.300,7.800,77.900;
54.80,14.300,7.800,77.900;
54.90,14.300,7.700,78.000;
55.00,14.300,7.700,78.000;
55.10,14.200,7.700,78.100;
55.20,14.200,7.700,78.100;
55.30,14.200,7.700,78.100;
55.40,14.200,7.700,78.100;
55.50,14.100,7.800,78.100;
55.60,14.100,7.800,78.100;
55.70,14.100,7.700,78.200;
55.80,14.000,7.800,78.200;
55.90,14.000,7.800,78.200;
56.00,14.000,7.800,78.200;
56.10,13.800,8.000,78.200;
56.20,13.800,7.900,78.300;
56.30,13.700,7.800,78.500;
56.40,13.700,7.800,78.500;
56.50,13.700,7.800,78.500;
56.60,13.700,7.800,78.500;
56.70,13.700,7.800,78.500;
56.80,13.700,7.700,78.600;
56.90,13.700,7.600,78.700;
57.00,13.700,7.600,78.700;
57.10,13.600,7.700,78.700;
57.20,13.500,7.800,78.700;
57.30,13.400,7.900,78.700;
57.40,13.400,7.900,78.700;
57.50,13.400,7.900,78.700;
57.60,13.400,7.900,78.700;
57.70,13.300,7.800,78.900;
57.80,13.300,7.600,79.100;
57.90,13.300,7.600,79.100;
58.00,13.200,7.700,79.100;
58.10,13.200,7.700,79.100;
58.20,13.200,7.700,79.100;
58.30,13.200,7.600,79.200;
58.40,13.200,7.600,79.200;
58.50,13.200,7.600,79.200;
58.60,13.200,7.600,79.200;
58.70,13.100,7.700,79.200;
58.80,13.100,7.700,79.200;
58.90,13.100,7.700,79.200;
59.00,13.100,7.600,79.300;
59.10,13.100,7.600,79.300;
59.20,13.100,7.600,79.300;
59.30,13.100,7.600,79.300;
59.40,13.100,7.300,79.600;
59.50,13.100,7.200,79.700;
59.60,13.100,7.200,79.700;
59.70,13.100,7.200,79.700;
59.80,13.100,7.000,79.900;
59.90,13.100,7.000,79.900;
60.00,13.100,7.000,79.900;
60.10,13.000,7.000,80.000;
60.20,13.000,6.800,80.200;
60.30,12.800,7.000,80.200;
60.40,12.800,6.800,80.400;
60.50,12.800,6.800,80.400;
60.60,12.800,6.800,80.400;
60.70,12.800,6.700,80.500;
60.80,12.800,6.700,80.500;
60.90,12.800,6.600,80.600;
61.00,12.700,6.700,80.600;
61.10,12.700,6.700,80.600;
61.20,12.700,6.700,80.600;
61.30,12.700,6.600,80.700;
61.40,12.700,6.500,80.800;
61.50,12.700,6.500,80.800;
61.60,12.700,6.500,80.800;
61.70,12.700,6.500,80.800;
61.80,12.700,6.500,80.800;
61.90,12.700,6.400,80.900;
62.00,12.600,6.500,80.900;
62.10,12.600,6.500,80.900;
62.20,12.600,6.500,80.900;
62.30,12.600,6.500,80.900;
62.40,12.600,6.500,80.900;
62.50,12.600,6.400,81.000;
62.60,12.600,6.400,81.000;
62.70,12.600,6.400,81.000;
62.80,12.600,6.300,81.100;
62.90,12.600,6.200,81.200;
63.00,12.600,6.200,81.200;
63.10,12.600,6.200,81.200;
63.20,12.500,6.200,81.300;
63.30,12.500,6.200,81.300;
63.40,12.500,6.200,81.300;
63.50,12.500,6.200,81.300;
63.60,12.300,6.400,81.300;
63.70,12.300,6.400,81.300;
63.80,12.100,6.600,81.300;
63.90,12.100,6.500,81.400;
64.00,12.100,6.400,81.500;
64.10,12.100,6.200,81.700;
64.20,12.100,6.200,81.700;
64.30,12.100,6.100,81.800;
64.40,12.100,6.100,81.800;
64.50,12.100,6.100,81.800;
64.60,12.100,6.100,81.800;
64.70,12.100,6.100,81.800;
64.80,12.000,6.200,81.800;
64.90,12.000,6.200,81.800;
65.00,12.000,6.100,81.900;
65.10,12.000,6.100,81.900;
65.20,12.000,6.100,81.900;
65.30,12.000,6.100,81.900;
65.40,12.000,6.000,82.000;
65.50,12.000,5.900,82.100;
65.60,12.000,5.800,82.200;
65.70,12.000,5.800,82.200;
65.80,12.000,5.800,82.200;
65.90,12.000,5.800,82.200;
66.00,12.000,5.800,82.200;
66.10,12.000,5.700,82.300;
66.20,12.000,5.700,82.300;
66.30,12.000,5.700,82.300;
66.40,12.000,5.700,82.300;
66.50,12.000,5.600,82.400;
66.60,12.000,5.500,82.500;
66.70,12.000,5.500,82.500;
66.80,11.900,5.600,82.500;
66.90,11.800,5.600,82.600;
67.00,11.800,5.600,82.600;
67.10,11.800,5.500,82.700;
67.20,11.800,5.500,82.700;
67.30,11.800,5.500,82.700;
67.40,11.800,5.500,82.700;
67.50,11.800,5.500,82.700;
67.60,11.800,5.500,82.700;
67.70,11.800,5.400,82.800;
67.80,11.800,5.400,82.800;
67.90,11.800,5.400,82.800;
68.00,11.800,5.400,82.800;
68.10,11.700,5.500,82.800;
68.20,11.700,5.500,82.800;
68.30,11.700,5.500,82.800;
68.40,11.700,5.500,82.800;
68.50,11.700,5.400,82.900;
68.60,11.700,5.400,82.900;
68.70,11.700,5.400,82.900;
68.80,11.700,5.400,82.900;
68.90,11.700,5.400,82.900;
69.00,11.700,5.400,82.900;
69.10,11.700,5.400,82.900;
69.20,11.700,5.400,82.900;
69.30,11.700,5.400,82.900;
69.40,11.700,5.400,82.900;
69.50,11.700,5.400,82.900;
69.60,11.700,5.300,83.000;
69.70,11.700,5.300,83.000;
69.80,11.700,5.300,83.000;
69.90,11.700,5.300,83.000;
70.00,11.700,5.300,83.000;
70.10,11.700,5.300,83.000;
70.20,11.600,5.300,83.100;
70.30,11.600,5.200,83.200;
70.40,11.600,5.100,83.300;
70.50,11.500,5.200,83.300;
70.60,11.500,5.200,83.300;
70.70,11.500,5.200,83.300;
70.80,11.500,5.200,83.300;
70.90,11.500,5.100,83.400;
71.00,11.500,5.000,83.500;
71.10,11.400,5.000,83.600;
71.20,11.400,5.000,83.600;
71.30,11.400,4.900,83.700;
71.40,11.400,4.700,83.900;
71.50,11.400,4.700,83.900;
71.60,11.400,4.700,83.900;
71.70,11.400,4.500,84.100;
71.80,11.400,4.500,84.100;
71.90,11.400,4.500,84.100;
72.00,11.400,4.500,84.100;
72.10,11.400,4.500,84.100;
72.20,11.400,4.300,84.300;
72.30,11.300,4.300,84.400;
72.40,11.300,4.200,84.500;
72.50,11.300,4.200,84.500;
72.60,11.300,4.100,84.600;
72.70,11.300,4.100,84.600;
72.80,11.300,4.100,84.600;
72.90,11.300,4.100,84.600;
73.00,11.300,4.100,84.600;
73.10,11.300,4.000,84.700;
73.20,11.300,4.000,84.700;
73.30,11.300,4.000,84.700;
73.40,11.300,4.000,84.700;
73.50,11.300,4.000,84.700;
73.60,11.300,3.900,84.800;
73.70,11.300,3.900,84.800;
73.80,11.200,4.000,84.800;
73.90,11.200,3.900,84.900;
74.00,11.200,3.900,84.900;
74.10,11.000,4.100,84.900;
74.20,11.000,4.100,84.900;
74.30,11.000,4.100,84.900;
74.40,11.000,4.100,84.900;
74.50,11.000,4.100,84.900;
74.60,11.000,4.100,84.900;
74.70,11.000,4.100,84.900;
74.80,11.000,4.100,84.900;
74.90,11.000,4.000,85.000;
75.00,11.000,3.900,85.100;
75.10,11.000,3.900,85.100;
75.20,11.000,3.900,85.100;
75.30,11.000,3.900,85.100;
75.40,11.000,3.900,85.100;
75.50,11.000,3.900,85.100;
75.60,10.900,3.900,85.200;
75.70,10.900,3.900,85.200;
75.80,10.900,3.900,85.200;
75.90,10.900,3.900,85.200;
76.00,10.900,3.900,85.200;
76.10,10.900,3.900,85.200;
76.20,10.900,3.900,85.200;
76.30,10.900,3.900,85.200;
76.40,10.800,4.000,85.200;
76.50,10.800,4.000,85.200;
76.60,10.800,4.000,85.200;
76.70,10.800,4.000,85.200;
76.80,10.800,4.000,85.200;
76.90,10.800,4.000,85.200;
77.00,10.800,4.000,85.200;
77.10,10.800,4.000,85.200;
77.20,10.800,3.900,85.300;
77.30,10.700,4.000,85.300;
77.40,10.700,4.000,85.300;
77.50,10.700,4.000,85.300;
77.60,10.700,4.000,85.300;
77.70,10.600,4.100,85.300;
77.80,10.600,4.000,85.400;
77.90,10.600,4.000,85.400;
78.00,10.600,4.000,85.400;
78.10,10.600,3.900,85.500;
78.20,10.600,3.800,85.600;
78.30,10.600,3.800,85.600;
78.40,10.600,3.800,85.600;
78.50,10.500,3.900,85.600;
78.60,10.500,3.800,85.700;
78.70,10.500,3.800,85.700;
78.80,10.500,3.800,85.700;
78.90,10.500,3.800,85.700;
79.00,10.400,3.800,85.800;
79.10,10.400,3.700,85.900;
79.20,10.400,3.700,85.900;
79.30,10.400,3.700,85.900;
79.40,10.400,3.700,85.900;
79.50,10.400,3.700,85.900;
79.60,10.400,3.700,85.900;
79.70,10.400,3.700,85.900;
79.80,10.400,3.700,85.900;
79.90,10.400,3.700,85.900;
80.00,10.400,3.700,85.900;
80.10,10.400,3.600,86.000;
80.20,10.400,3.600,86.000;
80.30,10.400,3.600,86.000;
80.40,10.400,3.600,86.000;
80.50,10.400,3.500,86.100;
80.60,10.400,3.500,86.100;
80.70,10.400,3.200,86.400;
80.80,10.400,3.200,86.400;
80.90,10.400,3.200,86.400;
81.00,10.400,3.200,86.400;
81.10,10.400,3.200,86.400;
81.20,10.400,3.200,86.400;
81.30,10.400,3.200,86.400;
81.40,10.400,3.200,86.400;
81.50,10.400,3.100,86.500;
81.60,10.400,3.100,86.500;
81.70,10.400,3.100,86.500;
81.80,10.400,3.100,86.500;
81.90,10.400,3.100,86.500;
82.00,10.400,3.100,86.500;
82.10,10.400,3.100,86.500;
82.20,10.400,3.100,86.500;
82.30,10.400,3.100,86.500;
82.40,10.400,3.100,86.500;
82.50,10.400,3.100,86.500;
82.60,10.400,3.100,86.500;
82.70,10.400,3.100,86.500;
82.80,10.400,3.100,86.500;
82.90,10.300,3.000,86.700;
83.00,10.300,3.000,86.700;
83.10,10.300,3.000,86.700;
83.20,10.300,3.000,86.700;
83.30,10.300,3.000,86.700;
83.40,10.300,3.000,86.700;
83.50,10.300,2.800,86.900;
83.60,10.300,2.800,86.900;
83.70,10.300,2.800,86.900;
83.80,10.200,2.900,86.900;
83.90,10.200,2.900,86.900;
84.00,10.200,2.800,87.000;
84.10,10.200,2.800,87.000;
84.20,10.200,2.800,87.000;
84.30,10.100,2.900,87.000;
84.40,10.100,2.900,87.000;
84.50,10.100,2.900,87.000;
84.60,10.100,2.900,87.000;
84.70,10.100,2.900,87.000;
84.80,10.100,2.900,87.000;
84.90,10.100,2.800,87.100;
85.00,10.100,2.800,87.100;
85.10,10.100,2.800,87.100;
85.20,10.100,2.700,87.200;
85.30,10.100,2.700,87.200;
85.40,10.100,2.700,87.200;
85.50,10.100,2.700,87.200;
85.60,10.100,2.700,87.200;
85.70,10.100,2.600,87.300;
85.80,10.100,2.600,87.300;
85.90,10.100,2.600,87.300;
86.00,10.100,2.500,87.400;
86.10,10.100,2.500,87.400;
86.20,10.100,2.400,87.500;
86.30,10.100,2.300,87.600;
86.40,10.100,2.300,87.600;
86.50,10.100,2.300,87.600;
86.60,10.100,2.300,87.600;
86.70,10.100,2.300,87.600;
86.80,10.100,2.200,87.700;
86.90,10.100,2.200,87.700;
87.00,10.100,2.200,87.700;
87.10,10.100,2.200,87.700;
87.20,10.100,2.200,87.700;
87.30,10.100,2.200,87.700;
87.40,10.100,2.200,87.700;
87.50,10.100,2.200,87.700;
87.60,10.100,2.200,87.700;
87.70,10.100,2.100,87.800;
87.80,10.100,2.100,87.800;
87.90,10.100,2.000,87.900;
88.00,10.100,1.900,88.000;
88.10,10.100,1.900,88.000;
88.20,10.100,1.800,88.100;
88.30,10.100,1.800,88.100;
88.40,10.100,1.800,88.100;
88.50,10.100,1.800,88.100;
88.60,10.100,1.800,88.100;
88.70,10.100,1.800,88.100;
88.80,10.100,1.800,88.100;
88.90,10.100,1.800,88.100;
89.00,10.100,1.800,88.100;
89.10,10.000,1.900,88.100;
89.20,10.000,1.800,88.200;
89.30,10.000,1.800,88.200;
89.40,9.900,1.900,88.200;
89.50,9.900,1.900,88.200;
89.60,9.900,1.800,88.300;
89.70,9.900,1.800,88.300;
89.80,9.900,1.800,88.300;
89.90,9.900,1.800,88.300;
90.00,9.900,1.800,88.300;
90.10,9.900,1.800,88.300;
90.20,9.900,1.800,88.300;
90.30,9.900,1.700,88.400;
90.40,9.900,1.700,88.400;
90.50,9.900,1.600,88.500;
90.60,9.900,1.600,88.500;
90.70,9.900,1.600,88.500;
90.80,9.900,1.600,88.500;
90.90,9.900,1.600,88.500;
91.00,9.900,1.600,88.500;
91.10,9.900,1.600,88.500;
91.20,9.900,1.600,88.500;
91.30,9.800,1.700,88.500;
91.40,9.800,1.700,88.500;
91.50,9.800,1.700,88.500;
91.60,9.800,1.700,88.500;
91.70,9.800,1.700,88.500;
91.80,9.800,1.600,88.600;
91.90,9.800,1.600,88.600;
92.00,9.800,1.600,88.600;
92.10,9.800,1.600,88.600;
92.20,9.800,1.500,88.700;
92.30,9.800,1.500,88.700;
92.40,9.800,1.500,88.700;
92.50,9.800,1.500,88.700;
92.60,9.800,1.500,88.700;
92.70,9.800,1.500,88.700;
92.80,9.800,1.400,88.800;
92.90,9.800,1.400,88.800;
93.00,9.800,1.400,88.800;
93.10,9.800,1.400,88.800;
93.20,9.800,1.400,88.800;
93.30,9.800,1.400,88.800;
93.40,9.800,1.400,88.800;
93.50,9.800,1.400,88.800;
93.60,9.800,1.400,88.800;
93.70,9.800,1.400,88.800;
93.80,9.800,1.400,88.800;
93.90,9.800,1.400,88.800;
94.00,9.800,1.400,88.800;
94.10,9.800,1.400,88.800;
94.20,9.800,1.400,88.800;
94.30,9.800,1.400,88.800;
94.40,9.800,1.400,88.800;
94.50,9.800,1.400,88.800;
94.60,9.800,1.400,88.800;
94.70,9.800,1.400,88.800;
94.80,9.800,1.400,88.800;
94.90,9.800,1.400,88.800;
95.00,9.800,1.400,88.800;
95.10,9.800,1.400,88.800;
95.20,9.800,1.300,88.900;
95.30,9.800,1.300,88.900;
95.40,9.800,1.300,88.900;
95.50,9.800,1.300,88.900;
95.60,9.800,1.300,88.900;
95.70,9.800,1.200,89.000;
95.80,9.800,1.200,89.000;
95.90,9.800,1.200,89.000;
96.00,9.800,1.200,89.000;
96.10,9.800,1.200,89.000;
96.20,9.800,1.100,89.100;
96.30,9.800,1.100,89.100;
96.40,9.800,1.100,89.100;
96.50,9.800,1.100,89.100;
96.60,9.800,1.100,89.100;
96.70,9.800,1.100,89.100;
96.80,9.800,1.100,89.100;
96.90,9.800,1.100,89.100;
97.00,9.800,1.100,89.100;
97.10,9.800,1.100,89.100;
97.20,9.800,1.100,89.100;
97.30,9.800,1.100,89.100;
97.40,9.800,1.100,89.100;
97.50,9.800,1.100,89.100;
97.60,9.800,1.100,89.100;
97.70,9.800,1.100,89.100;
97.80,9.800,1.100,89.100;
97.90,9.800,1.100,89.100;
98.00,9.800,1.100,89.100;
98.10,9.700,1.200,89.100;
98.20,9.700,1.200,89.100;
98.30,9.700,1.200,89.100;
98.40,9.700,1.200,89.100;
98.50,9.700,1.200,89.100;
98.60,9.700,1.200,89.100;
98.70,9.700,1.200,89.100;
98.80,9.700,1.200,89.100;
98.90,9.700,1.200,89.100;
99.00,9.700,1.200,89.100;
99.10,9.700,1.200,89.100;
99.20,9.700,1.200,89.100;
99.30,9.700,1.200,89.100;
99.40,9.700,1.200,89.100;
99.50,9.700,1.200,89.100;
99.60,9.700,1.200,89.100;
99.70,9.700,1.200,89.100;
99.80,9.700,1.200,89.100;
99.90,9.700,1.200,89.100;
100.00,9.700,1.200,89.100;
100.10,9.700,1.200,89.100;
100.20,9.700,1.200,89.100;
100.30,9.700,1.200,89.100;
100.40,9.700,1.200,89.100;
100.50,9.700,1.200,89.100;
100.60,9.700,1.200,89.100;
100.70,9.700,1.200,89.100;
100.80,9.700,1.200,89.100;
100.90,9.700,1.200,89.100;
101.00,9.700,1.200,89.100;
101.10,9.700,1.200,89.100;
101.20,9.700,1.200,89.100;
101.30,9.700,1.200,89.100;
101.40,9.700,1.200,89.100;
101.50,9.700,1.200,89.100;
101.60,9.700,1.200,89.100;
101.70,9.700,1.200,89.100;
101.80,9.700,1.200,89.100;
101.90,9.700,1.200,89.100;
102.00,9.700,1.200,89.100;
102.10,9.700,1.200,89.100;
102.20,9.700,1.200,89.100;
102.30,9.700,1.200,89.100;
102.40,9.700,1.200,89.100;
102.50,9.700,1.200,89.100;
102.60,9.700,1.200,89.100;
102.70,9.700,1.200,89.100;
102.80,9.700,1.200,89.100;
102.90,9.700,1.100,89.200;
103.00,9.700,1.100,89.200;
103.10,9.700,1.100,89.200;
103.20,9.700,1.100,89.200;
103.30,9.700,1.100,89.200;
103.40,9.700,1.100,89.200;
103.50,9.700,1.100,89.200;
103.60,9.700,1.100,89.200;
103.70,9.700,1.100,89.200;
103.80,9.700,1.100,89.200;
103.90,9.700,1.100,89.200;
104.00,9.700,1.100,89.200;
104.10,9.700,1.100,89.200;
104.20,9.700,1.100,89.200;
104.30,9.700,1.100,89.200;
104.40,9.700,1.100,89.200;
104.50,9.700,1.100,89.200;
104.60,9.700,1.100,89.200;
104.70,9.600,1.200,89.200;
104.80,9.600,1.200,89.200;
104.90,9.600,1.200,89.200;
105.00,9.600,1.200,89.200;
105.10,9.600,1.200,89.200;
105.20,9.600,1.200,89.200;
105.30,9.600,1.100,89.300;
105.40,9.600,1.100,89.300;
105.50,9.600,1.100,89.300;
105.60,9.600,1.100,89.300;
105.70,9.600,1.100,89.300;
105.80,9.600,1.100,89.300;
105.90,9.600,1.100,89.300;
106.00,9.600,1.100,89.300;
106.10,9.600,1.100,89.300;
106.20,9.600,1.000,89.400;
106.30,9.600,0.900,89.500;
106.40,9.600,0.900,89.500;
106.50,9.600,0.900,89.500;
106.60,9.600,0.900,89.500;
106.70,9.600,0.700,89.700;
106.80,9.500,0.800,89.700;
106.90,9.500,0.800,89.700;
107.00,9.500,0.800,89.700;
107.10,9.500,0.800,89.700;
107.20,9.500,0.800,89.700;
107.30,9.500,0.800,89.700;
107.40,9.500,0.800,89.700;
107.50,9.500,0.800,89.700;
107.60,9.500,0.800,89.700;
107.70,9.500,0.800,89.700;
107.80,9.500,0.800,89.700;
107.90,9.500,0.800,89.700;
108.00,9.500,0.800,89.700;
108.10,9.500,0.800,89.700;
108.20,9.500,0.800,89.700;
108.30,9.500,0.800,89.700;
108.40,9.500,0.800,89.700;
108.50,9.500,0.800,89.700;
108.60,9.500,0.800,89.700;
108.70,9.500,0.800,89.700;
108.80,9.500,0.800,89.700;
108.90,9.500,0.800,89.700;
109.00,9.500,0.800,89.700;
109.10,9.500,0.800,89.700;
109.20,9.500,0.800,89.700;
109.30,9.500,0.800,89.700;
109.40,9.500,0.800,89.700;
109.50,9.500,0.800,89.700;
109.60,9.500,0.800,89.700;
109.70,9.500,0.800,89.700;
109.80,9.500,0.800,89.700;
109.90,9.400,0.900,89.700;
110.00,9.400,0.900,89.700;
110.10,9.400,0.700,89.900;
110.20,9.400,0.700,89.900;
110.30,9.400,0.700,89.900;
110.40,9.400,0.700,89.900;
110.50,9.400,0.700,89.900;
110.60,9.400,0.700,89.900;
110.70,9.400,0.700,89.900;
110.80,9.400,0.700,89.900;
110.90,9.400,0.700,89.900;
111.00,9.400,0.700,89.900;
111.10,9.400,0.700,89.900;
111.20,9.400,0.700,89.900;
111.30,9.400,0.700,89.900;
111.40,9.400,0.700,89.900;
111.50,9.400,0.700,89.900;
111.60,9.400,0.700,89.900;
111.70,9.400,0.700,89.900;
111.80,9.400,0.700,89.900;
111.90,9.400,0.700,89.900;
112.00,9.400,0.700,89.900;
112.10,9.400,0.700,89.900;
112.20,9.400,0.700,89.900;
112.30,9.400,0.700,89.900;
112.40,9.400,0.700,89.900;
112.50,9.400,0.700,89.900;
112.60,9.400,0.700,89.900;
112.70,9.400,0.700,89.900;
112.80,9.400,0.700,89.900;
112.90,9.400,0.700,89.900;
113.00,9.400,0.700,89.900;
113.10,9.400,0.700,89.900;
113.20,9.400,0.700,89.900;
113.30,9.400,0.700,89.900;
113.40,9.400,0.700,89.900;
113.50,9.400,0.700,89.900;
113.60,9.400,0.700,89.900;
113.70,9.400,0.600,90.000;
113.80,9.400,0.600,90.000;
113.90,9.400,0.600,90.000;
114.00,9.400,0.600,90.000;
114.10,9.400,0.600,90.000;
114.20,9.400,0.600,90.000;
114.30,9.400,0.600,90.000;
114.40,9.400,0.600,90.000;
114.50,9.400,0.600,90.000;
114.60,9.400,0.600,90.000;
114.70,9.400,0.600,90.000;
114.80,9.400,0.600,90.000;
114.90,9.400,0.600,90.000;
115.00,9.400,0.600,90.000;
115.10,9.400,0.600,90.000;
115.20,9.400,0.600,90.000;
115.30,9.400,0.600,90.000;
115.40,9.400,0.600,90.000;
115.50,9.400,0.600,90.000;
115.60,9.400,0.600,90.000;
115.70,9.400,0.600,90.000;
115.80,9.400,0.600,90.000;
115.90,9.400,0.600,90.000;
116.00,9.400,0.500,90.100;
116.10,9.400,0.500,90.100;
116.20,9.400,0.500,90.100;
116.30,9.400,0.500,90.100;
116.40,9.400,0.500,90.100;
116.50,9.400,0.500,90.100;
116.60,9.400,0.500,90.100;
116.70,9.400,0.500,90.100;
116.80,9.400,0.500,90.100;
116.90,9.400,0.500,90.100;
117.00,9.400,0.500,90.100;
117.10,9.400,0.500,90.100;
117.20,9.400,0.500,90.100;
117.30,9.400,0.500,90.100;
117.40,9.400,0.500,90.100;
117.50,9.400,0.500,90.100;
117.60,9.400,0.500,90.100;
117.70,9.400,0.500,90.100;
117.80,9.400,0.500,90.100;
117.90,9.400,0.500,90.100;
118.00,9.400,0.500,90.100;
118.10,9.400,0.500,90.100;
118.20,9.400,0.500,90.100;
118.30,9.400,0.500,90.100;
118.40,9.400,0.500,90.100;
118.50,9.400,0.500,90.100;
118.60,9.400,0.500,90.100;
118.70,9.400,0.500,90.100;
118.80,9.400,0.500,90.100;
118.90,9.400,0.500,90.100;
119.00,9.400,0.500,90.100;
119.10,9.400,0.500,90.100;
119.20,9.400,0.500,90.100;
119.30,9.400,0.500,90.100;
119.40,9.400,0.500,90.100;
119.50,9.400,0.500,90.100;
119.60,9.400,0.500,90.100;
119.70,9.400,0.500,90.100;
119.80,9.400,0.500,90.100;
119.90,9.400,0.500,90.100;
120.00,9.400,0.500,90.100;
120.10,9.400,0.500,90.100;
120.20,9.400,0.500,90.100;
120.30,9.400,0.500,90.100;
120.40,9.400,0.500,90.100;
120.50,9.400,0.500,90.100;
120.60,9.400,0.500,90.100;
120.70,9.400,0.500,90.100;
120.80,9.400,0.500,90.100;
120.90,9.400,0.500,90.100;
121.00,9.400,0.500,90.100;
121.10,9.400,0.500,90.100;
121.20,9.400,0.400,90.200;
121.30,9.400,0.400,90.200;
121.40,9.400,0.400,90.200;
121.50,9.400,0.400,90.200;
121.60,9.400,0.400,90.200;
121.70,9.400,0.400,90.200;
121.80,9.400,0.400,90.200;
121.90,9.400,0.400,90.200;
122.00,9.400,0.400,90.200;
122.10,9.400,0.400,90.200;
122.20,9.400,0.300,90.300;
122.30,9.400,0.300,90.300;
122.40,9.400,0.300,90.300;
122.50,9.400,0.300,90.300;
122.60,9.400,0.300,90.300;
122.70,9.400,0.300,90.300;
122.80,9.400,0.300,90.300;
122.90,9.400,0.300,90.300;
123.00,9.400,0.300,90.300;
123.10,9.400,0.300,90.300;
123.20,9.400,0.300,90.300;
123.30,9.400,0.300,90.300;
123.40,9.400,0.300,90.300;
123.50,9.400,0.300,90.300;
123.60,9.400,0.300,90.300;
123.70,9.400,0.300,90.300;
123.80,9.400,0.300,90.300;
123.90,9.400,0.300,90.300;
124.00,9.400,0.300,90.300;
124.10,9.400,0.300,90.300;
124.20,9.400,0.300,90.300;
124.30,9.400,0.300,90.300;
124.40,9.400,0.300,90.300;
124.50,9.400,0.300,90.300;
124.60,9.400,0.300,90.300;
124.70,9.400,0.300,90.300;
124.80,9.400,0.300,90.300;
124.90,9.400,0.300,90.300;
125.00,9.400,0.300,90.300;
125.10,9.400,0.300,90.300;
125.20,9.400,0.300,90.300;
125.30,9.400,0.300,90.300;
125.40,9.400,0.300,90.300;
125.50,9.400,0.300,90.300;
125.60,9.400,0.300,90.300;
125.70,9.400,0.300,90.300;
125.80,9.400,0.300,90.300;
125.90,9.400,0.300,90.300;
126.00,9.400,0.300,90.300;
126.10,9.400,0.300,90.300;
126.20,9.400,0.300,90.300;
126.30,9.400,0.300,90.300;
126.40,9.400,0.300,90.300;
126.50,9.400,0.300,90.300;
126.60,9.400,0.300,90.300;
126.70,9.400,0.300,90.300;
126.80,9.400,0.300,90.300;
126.90,9.400,0.300,90.300;
127.00,9.400,0.300,90.300;
127.10,9.400,0.300,90.300;
127.20,9.400,0.300,90.300;
127.30,9.400,0.300,90.300;
127.40,9.400,0.300,90.300;
127.50,9.400,0.300,90.300;
127.60,9.400,0.300,90.300;
127.70,9.400,0.300,90.300;
127.80,9.400,0.300,90.300;
127.90,9.400,0.300,90.300;
128.00,9.400,0.300,90.300;
128.10,9.400,0.300,90.300;
128.20,9.400,0.300,90.300;
128.30,9.400,0.300,90.300;
128.40,9.400,0.300,90.300;
128.50,9.400,0.300,90.300;
128.60,9.400,0.300,90.300;
128.70,9.400,0.300,90.300;
128.80,9.400,0.300,90.300;
128.90,9.400,0.300,90.300;
129.00,9.400,0.300,90.300;
129.10,9.400,0.300,90.300;
129.20,9.400,0.300,90.300;
129.30,9.400,0.300,90.300;
129.40,9.400,0.300,90.300;
129.50,9.400,0.300,90.300;
129.60,9.400,0.300,90.300;
129.70,9.400,0.300,90.300;
129.80,9.400,0.300,90.300;
129.90,9.400,0.300,90.300;
130.00,9.400,0.300,90.300;
130.10,9.400,0.300,90.300;
130.20,9.400,0.300,90.300;
130.30,9.400,0.300,90.300;
130.40,9.400,0.300,90.300;
130.50,9.400,0.300,90.300;
130.60,9.400,0.300,90.300;
130.70,9.400,0.300,90.300;
130.80,9.400,0.300,90.300;
130.90,9.400,0.300,90.300;
131.00,9.400,0.300,90.300;
131.10,9.400,0.300,90.300;
131.20,9.400,0.300,90.300;
131.30,9.400,0.300,90.300;
131.40,9.400,0.300,90.300;
131.50,9.400,0.300,90.300;
131.60,9.400,0.300,90.300;
131.70,9.400,0.300,90.300;
131.80,9.400,0.300,90.300;
131.90,9.400,0.300,90.300;
132.00,9.400,0.300,90.300;
132.10,9.400,0.300,90.300;
132.20,9.400,0.300,90.300;
132.30,9.400,0.300,90.300;
132.40,9.400,0.300,90.300;
132.50,9.400,0.300,90.300;
132.60,9.400,0.300,90.300;
132.70,9.400,0.300,90.300;
132.80,9.400,0.300,90.300;
132.90,9.400,0.300,90.300;
133.00,9.400,0.300,90.300;
133.10,9.400,0.300,90.300;
133.20,9.400,0.300,90.300;
133.30,9.400,0.300,90.300;
133.40,9.400,0.300,90.300;
133.50,9.400,0.200,90.400;
133.60,9.400,0.200,90.400;
133.70,9.400,0.200,90.400;
133.80,9.400,0.200,90.400;
133.90,9.400,0.200,90.400;
134.00,9.400,0.200,90.400;
134.10,9.400,0.200,90.400;
134.20,9.400,0.200,90.400;
134.30,9.400,0.200,90.400;
134.40,9.400,0.200,90.400;
134.50,9.400,0.200,90.400;
134.60,9.400,0.200,90.400;
134.70,9.400,0.200,90.400;
134.80,9.400,0.200,90.400;
134.90,9.400,0.200,90.400;
135.00,9.400,0.200,90.400;
135.10,9.400,0.200,90.400;
135.20,9.400,0.200,90.400;
135.30,9.400,0.200,90.400;
135.40,9.400,0.200,90.400;
135.50,9.400,0.200,90.400;
135.60,9.400,0.200,90.400;
135.70,9.400,0.200,90.400;
135.80,9.400,0.200,90.400;
135.90,9.400,0.200,90.400;
136.00,9.400,0.200,90.400;
136.10,9.400,0.200,90.400;
136.20,9.400,0.200,90.400;
136.30,9.400,0.200,90.400;
136.40,9.400,0.200,90.400;
136.50,9.400,0.200,90.400;
136.60,9.400,0.200,90.400;
136.70,9.400,0.200,90.400;
136.80,9.400,0.200,90.400;
136.90,9.400,0.200,90.400;
137.00,9.400,0.200,90.400;
137.10,9.400,0.200,90.400;
137.20,9.400,0.200,90.400;
137.30,9.400,0.200,90.400;
137.40,9.400,0.200,90.400;
137.50,9.400,0.200,90.400;
137.60,9.400,0.200,90.400;
137.70,9.400,0.200,90.400;
137.80,9.400,0.200,90.400;
137.90,9.400,0.200,90.400;
138.00,9.400,0.200,90.400;
138.10,9.400,0.200,90.400;
138.20,9.400,0.200,90.400;
138.30,9.400,0.200,90.400;
138.40,9.400,0.200,90.400;
138.50,9.400,0.200,90.400;
138.60,9.400,0.200,90.400;
138.70,9.400,0.200,90.400;
138.80,9.400,0.200,90.400;
138.90,9.400,0.200,90.400;
139.00,9.400,0.200,90.400;
139.10,9.400,0.200,90.400;
139.20,9.400,0.200,90.400;
139.30,9.400,0.200,90.400;
139.40,9.400,0.200,90.400;
139.50,9.400,0.200,90.400;
139.60,9.400,0.200,90.400;
139.70,9.400,0.200,90.400;
139.80,9.400,0.200,90.400;
139.90,9.400,0.200,90.400;
140.00,9.400,0.200,90.400;
140.10,9.400,0.200,90.400;
140.20,9.400,0.200,90.400;
140.30,9.400,0.200,90.400;
140.40,9.400,0.200,90.400;
140.50,9.400,0.200,90.400;
140.60,9.400,0.200,90.400;
140.70,9.400,0.200,90.400;
140.80,9.400,0.200,90.400;
140.90,9.400,0.200,90.400;
141.00,9.400,0.200,90.400;
141.10,9.400,0.200,90.400;
141.20,9.400,0.200,90.400;
141.30,9.400,0.200,90.400;
141.40,9.400,0.200,90.400;
141.50,9.400,0.200,90.400;
141.60,9.400,0.200,90.400;
141.70,9.400,0.200,90.400;
141.80,9.400,0.200,90.400;
141.90,9.400,0.200,90.400;
142.00,9.400,0.200,90.400;
142.10,9.400,0.200,90.400;
142.20,9.400,0.200,90.400;
142.30,9.400,0.200,90.400;
142.40,9.400,0.200,90.400;
142.50,9.400,0.200,90.400;
142.60,9.400,0.200,90.400;
142.70,9.400,0.200,90.400;
142.80,9.400,0.200,90.400;
142.90,9.400,0.200,90.400;
143.00,9.400,0.200,90.400;
143.10,9.400,0.200,90.400;
143.20,9.400,0.200,90.400;
143.30,9.400,0.200,90.400;
143.40,9.400,0.200,90.400;
143.50,9.400,0.200,90.400;
143.60,9.400,0.200,90.400;
143.70,9.400,0.200,90.400;
143.80,9.400,0.200,90.400;
143.90,9.400,0.200,90.400;
144.00,9.400,0.200,90.400;
144.10,9.400,0.200,90.400;
144.20,9.400,0.200,90.400;
144.30,9.400,0.200,90.400;
144.40,9.400,0.200,90.400;
144.50,9.400,0.200,90.400;
144.60,9.400,0.200,90.400;
144.70,9.400,0.200,90.400;
144.80,9.400,0.200,90.400;
144.90,9.400,0.200,90.400;
145.00,9.400,0.200,90.400;
145.10,9.400,0.200,90.400;
145.20,9.400,0.200,90.400;
145.30,9.400,0.200,90.400;
145.40,9.400,0.200,90.400;
145.50,9.400,0.200,90.400;
145.60,9.400,0.200,90.400;
145.70,9.400,0.200,90.400;
145.80,9.400,0.200,90.400;
145.90,9.400,0.200,90.400;
146.00,9.400,0.200,90.400;
146.10,9.400,0.200,90.400;
146.20,9.400,0.200,90.400;
146.30,9.400,0.200,90.400;
146.40,9.400,0.200,90.400;
146.50,9.400,0.200,90.400;
146.60,9.400,0.200,90.400;
146.70,9.400,0.100,90.500;
146.80,9.400,0.100,90.500;
146.90,9.400,0.100,90.500;
147.00,9.400,0.100,90.500;
147.10,9.400,0.100,90.500;
147.20,9.400,0.100,90.500;
