dynamics = [
0.00,999.000,1.000,0.000;
0.10,999.000,1.000,0.000;
0.20,999.000,1.000,0.000;
0.30,999.000,1.000,0.000;
0.40,999.000,1.000,0.000;
0.50,999.000,1.000,0.000;
0.60,999.000,1.000,0.000;
0.70,999.000,1.000,0.000;
0.80,999.000,1.000,0.000;
0.90,999.000,1.000,0.000;
1.00,999.000,1.000,0.000;
1.10,999.000,1.000,0.000;
1.20,999.000,1.000,0.000;
1.30,999.000,1.000,0.000;
1.40,999.000,1.000,0.000;
1.50,999.000,1.000,0.000;
1.60,999.000,1.000,0.000;
1.70,999.000,1.000,0.000;
1.80,999.000,1.000,0.000;
1.90,999.000,1.000,0.000;
2.00,999.000,1.000,0.000;
2.10,999.000,1.000,0.000;
2.20,999.000,1.000,0.000;
2.30,999.000,1.000,0.000;
2.40,999.000,1.000,0.000;
2.50,999.000,1.000,0.000;
2.60,999.000,1.000,0.000;
2.70,999.000,1.000,0.000;
2.80,999.000,1.000,0.000;
2.90,999.000,1.000,0.000;
3.00,999.000,1.000,0.000;
3.10,999.000,1.000,0.000;
3.20,999.000,1.000,0.000;
3.30,998.000,2.000,0.000;
3.40,998.000,2.000,0.000;
3.50,998.000,2.000,0.000;
3.60,998.000,2.000,0.000;
3.70,997.000,3.000,0.000;
3.80,997.000,3.000,0.000;
3.90,997.000,3.000,0.000;
4.00,997.000,3.000,0.000;
4.10,997.000,3.000,0.000;
4.20,997.000,3.000,0.000;
4.30,997.000,3.000,0.000;
4.40,997.000,3.000,0.000;
4.50,997.000,3.000,0.000;
4.60,997.000,3.000,0.000;
4.70,997.000,3.000,0.000;
4.80,997.000,3.000,0.000;
4.90,997.000,3.000,0.000;
5.00,997.000,3.000,0.000;
5.10,997.000,3.000,0.000;
5.20,997.000,3.000,0.000;
5.30,997.000,3.000,0.000;
5.40,997.000,3.000,0.000;
5.50,997.000,3.000,0.000;
5.60,997.000,3.000,0.000;
5.70,997.000,3.000,0.000;
5.80,997.000,3.000,0.000;
5.90,997.000,3.000,0.000;
6.00,997.000,3.000,0.000;
6.10,997.000,3.000,0.000;
6.20,997.000,3.000,0.000;
6.30,997.000,3.000,0.000;
6.40,996.000,4.000,0.000;
6.50,996.000,4.000,0.000;
6.60,996.000,4.000,0.000;
6.70,996.000,3.000,1.000;
6.80,996.000,3.000,1.000;
6.90,996.000,3.000,1.000;
7.00,996.000,3.000,1.000;
7.10,996.000,3.000,1.000;
7.20,996.000,3.000,1.000;
7.30,996.000,3.000,1.000;
7.40,996.000,3.000,1.000;
7.50,996.000,3.000,1.000;
7.60,995.000,4.000,1.000;
7.70,995.000,4.000,1.000;
7.80,995.000,4.000,1.000;
7.90,995.000,4.000,1.000;
8.00,995.000,4.000,1.000;
8.10,995.000,4.000,1.000;
8.20,995.000,4.000,1.000;
8.30,995.000,4.000,1.000;
8.40,995.000,4.000,1.000;
8.50,995.000,4.000,1.000;
8.60,995.000,4.000,1.000;
8.70,995.000,4.000,1.000;
8.80,995.000,4.000,1.000;
8.90,995.000,4.000,1.000;
9.00,995.000,3.000,2.000;
9.10,995.000,3.000,2.000;
9.20,995.000,3.000,2.000;
9.30,995.000,3.000,2.000;
9.40,995.000,3.000,2.000;
9.50,995.000,3.000,2.000;
9.60,995.000,3.000,2.000;
9.70,995.000,3.000,2.000;
9.80,995.000,3.000,2.000;
9.90,995.000,3.000,2.000;
10.00,995.000,3.000,2.000;
10.10,995.000,3.000,2.000;
10.20,995.000,3.000,2.000;
10.30,995.000,3.000,2.000;
10.40,994.000,4.000,2.000;
10.50,993.000,5.000,2.000;
10.60,993.000,5.000,2.000;
10.70,993.000,5.000,2.000;
10.80,993.000,5.000,2.000;
10.90,993.000,5.000,2.000;
11.00,993.000,5.000,2.000;
11.10,993.000,5.000,2.000;
11.20,993.000,5.000,2.000;
11.30,993.000,5.000,2.000;
11.40,993.000,5.000,2.000;
11.50,993.000,5.000,2.000;
11.60,993.000,5.000,2.000;
11.70,993.000,5.000,2.000;
11.80,993.000,5.000,2.000;
11.90,993.000,5.000,2.000;
12.00,993.000,5.000,2.000;
12.10,993.000,5.000,2.000;
12.20,993.000,5.000,2.000;
12.30,993.000,5.000,2.000;
12.40,993.000,4.000,3.000;
12.50,993.000,4.000,3.000;
12.60,993.000,3.000,4.000;
12.70,993.000,3.000,4.000;
12.80,993.000,3.000,4.000;
12.90,993.000,3.000,4.000;
13.00,993.000,3.000,4.000;
13.10,993.000,3.000,4.000;
13.20,993.000,3.000,4.000;
13.30,993.000,3.000,4.000;
13.40,993.000,3.000,4.000;
13.50,993.000,3.000,4.000;
13.60,993.000,3.000,4.000;
13.70,993.000,3.000,4.000;
13.80,993.000,3.000,4.000;
13.90,993.000,3.000,4.000;
14.00,993.000,3.000,4.000;
14.10,993.000,3.000,4.000;
14.20,993.000,3.000,4.000;
14.30,993.000,3.000,4.000;
14.40,993.000,3.000,4.000;
14.50,993.000,3.000,4.000;
14.60,993.000,3.000,4.000;
14.70,993.000,3.000,4.000;
14.80,993.000,3.000,4.000;
14.90,993.000,3.000,4.000;
15.00,993.000,3.000,4.000;
15.10,993.000,3.000,4.000;
15.20,992.000,4.000,4.000;
15.30,992.000,4.000,4.000;
15.40,992.000,4.000,4.000;
15.50,991.000,5.000,4.000;
15.60,991.000,5.000,4.000;
15.70,991.000,5.000,4.000;
15.80,991.000,5.000,4.000;
15.90,991.000,4.000,5.000;
16.00,991.000,4.000,5.000;
16.10,991.000,4.000,5.000;
16.20,991.000,4.000,5.000;
16.30,991.000,4.000,5.000;
16.40,991.000,4.000,5.000;
16.50,991.000,4.000,5.000;
16.60,990.000,5.000,5.000;
16.70,989.000,6.000,5.000;
16.80,989.000,6.000,5.000;
16.90,989.000,6.000,5.000;
17.00,989.000,6.000,5.000;
17.10,989.000,6.000,5.000;
17.20,989.000,6.000,5.000;
17.30,988.000,7.000,5.000;
17.40,988.000,7.000,5.000;
17.50,988.000,7.000,5.000;
17.60,988.000,7.000,5.000;
17.70,988.000,7.000,5.000;
17.80,988.000,7.000,5.000;
17.90,988.000,7.000,5.000;
18.00,988.000,7.000,5.000;
18.10,988.000,7.000,5.000;
18.20,988.000,7.000,5.000;
18.30,988.000,7.000,5.000;
18.40,988.000,7.000,5.000;
18.50,988.000,7.000,5.000;
18.60,988.000,7.000,5.000;
18.70,988.000,7.000,5.000;
18.80,988.000,7.000,5.000;
18.90,987.000,8.000,5.000;
19.00,987.000,8.000,5.000;
19.10,987.000,8.000,5.000;
19.20,987.000,8.000,5.000;
19.30,987.000,8.000,5.000;
19.40,987.000,8.000,5.000;
19.50,987.000,8.000,5.000;
19.60,987.000,8.000,5.000;
19.70,987.000,8.000,5.000;
19.80,987.000,7.000,6.000;
19.90,987.000,7.000,6.000;
20.00,987.000,6.000,7.000;
20.10,985.000,8.000,7.000;
20.20,985.000,8.000,7.000;
20.30,985.000,8.000,7.000;
20.40,985.000,8.000,7.000;
20.50,985.000,8.000,7.000;
20.60,985.000,8.000,7.000;
20.70,985.000,8.000,7.000;
20.80,984.000,9.000,7.000;
20.90,984.000,9.000,7.000;
21.00,984.000,9.000,7.000;
21.10,984.000,9.000,7.000;
21.20,984.000,9.000,7.000;
21.30,984.000,9.000,7.000;
21.40,984.000,9.000,7.000;
21.50,984.000,9.000,7.000;
21.60,984.000,9.000,7.000;
21.70,984.000,9.000,7.000;
21.80,984.000,9.000,7.000;
21.90,984.000,9.000,7.000;
22.00,984.000,9.000,7.000;
22.10,983.000,10.000,7.000;
22.20,983.000,10.000,7.000;
22.30,983.000,10.000,7.000;
22.40,983.000,10.000,7.000;
22.50,983.000,10.000,7.000;
22.60,983.000,10.000,7.000;
22.70,983.000,10.000,7.000;
22.80,983.000,10.000,7.000;
22.90,983.000,10.000,7.000;
23.00,983.000,10.000,7.000;
23.10,982.000,11.000,7.000;
23.20,982.000,11.000,7.000;
23.30,981.000,11.000,8.000;
23.40,981.000,11.000,8.000;
23.50,981.000,11.000,8.000;
23.60,981.000,11.000,8.000;
23.70,980.000,12.000,8.000;
23.80,980.000,12.000,8.000;
23.90,980.000,12.000,8.000;
24.00,979.000,13.000,8.000;
24.10,979.000,13.000,8.000;
24.20,979.000,12.000,9.000;
24.30,979.000,12.000,9.000;
24.40,979.000,12.000,9.000;
24.50,979.000,12.000,9.000;
24.60,979.000,12.000,9.000;
24.70,979.000,12.000,9.000;
24.80,979.000,12.000,9.000;
24.90,979.000,12.000,9.000;
25.00,979.000,12.000,9.000;
25.10,978.000,13.000,9.000;
25.20,978.000,13.000,9.000;
25.30,978.000,13.000,9.000;
25.40,978.000,13.000,9.000;
25.50,977.000,14.000,9.000;
25.60,976.000,15.000,9.000;
25.70,976.000,15.000,9.000;
25.80,976.000,15.000,9.000;
25.90,976.000,15.000,9.000;
26.00,975.000,16.000,9.000;
26.10,974.000,17.000,9.000;
26.20,974.000,17.000,9.000;
26.30,973.000,17.000,10.000;
26.40,973.000,17.000,10.000;
26.50,973.000,17.000,10.000;
26.60,972.000,18.000,10.000;
26.70,972.000,18.000,10.000;
26.80,972.000,18.000,10.000;
26.90,972.000,18.000,10.000;
27.00,972.000,18.000,10.000;
27.10,972.000,18.000,10.000;
27.20,971.000,19.000,10.000;
27.30,971.000,19.000,10.000;
27.40,971.000,19.000,10.000;
27.50,970.000,20.000,10.000;
27.60,969.000,21.000,10.000;
27.70,969.000,21.000,10.000;
27.80,969.000,21.000,10.000;
27.90,969.000,21.000,10.000;
28.00,969.000,21.000,10.000;
28.10,969.000,21.000,10.000;
28.20,969.000,21.000,10.000;
28.30,969.000,21.000,10.000;
28.40,969.000,21.000,10.000;
28.50,969.000,21.000,10.000;
28.60,969.000,21.000,10.000;
28.70,969.000,21.000,10.000;
28.80,969.000,21.000,10.000;
28.90,969.000,21.000,10.000;
29.00,969.000,21.000,10.000;
29.10,968.000,22.000,10.000;
29.20,968.000,22.000,10.000;
29.30,968.000,22.000,10.000;
29.40,968.000,22.000,10.000;
