dynamics = [
0.00,999.000,1.000,0.000;
0.05,999.000,1.000,0.000;
0.10,999.000,1.000,0.000;
0.15,999.000,1.000,0.000;
0.20,999.000,1.000,0.000;
0.25,999.000,1.000,0.000;
0.30,999.000,1.000,0.000;
0.35,999.000,1.000,0.000;
0.40,999.000,1.000,0.000;
0.45,999.000,1.000,0.000;
0.50,999.000,1.000,0.000;
0.55,999.000,1.000,0.000;
0.60,999.000,1.000,0.000;
0.65,999.000,1.000,0.000;
0.70,999.000,1.000,0.000;
0.75,999.000,1.000,0.000;
0.80,999.000,1.000,0.000;
0.85,999.000,1.000,0.000;
0.90,999.000,1.000,0.000;
0.95,999.000,1.000,0.000;
1.00,999.000,1.000,0.000;
1.05,999.000,1.000,0.000;
1.10,999.000,1.000,0.000;
1.15,999.000,1.000,0.000;
1.20,999.000,1.000,0.000;
1.25,999.000,1.000,0.000;
1.30,999.000,1.000,0.000;
1.35,999.000,1.000,0.000;
1.40,999.000,1.000,0.000;
1.45,999.000,1.000,0.000;
1.50,999.000,1.000,0.000;
1.55,999.000,1.000,0.000;
1.60,999.000,1.000,0.000;
1.65,999.000,1.000,0.000;
1.70,998.000,2.000,0.000;
1.75,998.000,2.000,0.000;
1.80,998.000,2.000,0.000;
1.85,998.000,2.000,0.000;
1.90,998.000,2.000,0.000;
1.95,998.000,2.000,0.000;
2.00,998.000,2.000,0.000;
2.05,998.000,2.000,0.000;
2.10,998.000,2.000,0.000;
2.15,998.000,2.000,0.000;
2.20,998.000,2.000,0.000;
2.25,998.000,2.000,0.000;
2.30,998.000,2.000,0.000;
2.35,998.000,2.000,0.000;
2.40,998.000,2.000,0.000;
2.45,998.000,2.000,0.000;
2.50,998.000,2.000,0.000;
2.55,998.000,2.000,0.000;
2.60,998.000,2.000,0.000;
2.65,998.000,2.000,0.000;
2.70,998.000,2.000,0.000;
2.75,998.000,2.000,0.000;
2.80,998.000,2.000,0.000;
2.85,998.000,2.000,0.000;
2.90,998.000,2.000,0.000;
2.95,998.000,2.000,0.000;
3.00,998.000,2.000,0.000;
3.05,998.000,2.000,0.000;
3.10,998.000,2.000,0.000;
3.15,998.000,2.000,0.000;
3.20,998.000,2.000,0.000;
3.25,998.000,2.000,0.000;
3.30,998.000,2.000,0.000;
3.35,998.000,2.000,0.000;
3.40,998.000,2.000,0.000;
3.45,998.000,2.000,0.000;
3.50,998.000,2.000,0.000;
3.55,998.000,2.000,0.000;
3.60,998.000,2.000,0.000;
3.65,998.000,2.000,0.000;
3.70,998.000,2.000,0.000;
3.75,998.000,2.000,0.000;
3.80,998.000,2.000,0.000;
3.85,998.000,2.000,0.000;
3.90,998.000,2.000,0.000;
3.95,998.000,2.000,0.000;
4.00,998.000,2.000,0.000;
4.05,998.000,2.000,0.000;
4.10,998.000,2.000,0.000;
4.15,998.000,2.000,0.000;
4.20,998.000,2.000,0.000;
4.25,998.000,2.000,0.000;
4.30,998.000,2.000,0.000;
4.35,998.000,2.000,0.000;
4.40,998.000,2.000,0.000;
4.45,998.000,2.000,0.000;
4.50,998.000,2.000,0.000;
4.55,997.000,3.000,0.000;
4.60,997.000,3.000,0.000;
4.65,997.000,3.000,0.000;
4.70,997.000,3.000,0.000;
4.75,997.000,3.000,0.000;
4.80,997.000,3.000,0.000;
4.85,997.000,3.000,0.000;
4.90,997.000,3.000,0.000;
4.95,997.000,3.000,0.000;
5.00,997.000,3.000,0.000;
5.05,997.000,3.000,0.000;
5.10,997.000,3.000,0.000;
5.15,997.000,3.000,0.000;
5.20,996.000,4.000,0.000;
5.25,995.000,5.000,0.000;
5.30,995.000,5.000,0.000;
5.35,995.000,5.000,0.000;
5.40,995.000,5.000,0.000;
5.45,995.000,5.000,0.000;
5.50,995.000,5.000,0.000;
5.55,995.000,5.000,0.000;
5.60,995.000,5.000,0.000;
5.65,995.000,5.000,0.000;
5.70,995.000,5.000,0.000;
5.75,995.000,5.000,0.000;
5.80,995.000,5.000,0.000;
5.85,995.000,5.000,0.000;
5.90,995.000,5.000,0.000;
5.95,995.000,5.000,0.000;
6.00,995.000,5.000,0.000;
6.05,995.000,5.000,0.000;
6.10,995.000,5.000,0.000;
6.15,995.000,5.000,0.000;
6.20,995.000,5.000,0.000;
6.25,995.000,5.000,0.000;
6.30,995.000,5.000,0.000;
6.35,995.000,5.000,0.000;
6.40,995.000,5.000,0.000;
6.45,995.000,5.000,0.000;
6.50,995.000,5.000,0.000;
6.55,995.000,5.000,0.000;
6.60,995.000,5.000,0.000;
6.65,995.000,5.000,0.000;
6.70,995.000,5.000,0.000;
6.75,995.000,5.000,0.000;
6.80,995.000,5.000,0.000;
6.85,995.000,5.000,0.000;
6.90,995.000,5.000,0.000;
6.95,995.000,5.000,0.000;
7.00,995.000,5.000,0.000;
7.05,995.000,5.000,0.000;
7.10,995.000,5.000,0.000;
7.15,995.000,5.000,0.000;
7.20,995.000,5.000,0.000;
7.25,995.000,5.000,0.000;
7.30,995.000,5.000,0.000;
7.35,994.000,6.000,0.000;
7.40,994.000,6.000,0.000;
7.45,994.000,6.000,0.000;
7.50,994.000,6.000,0.000;
7.55,994.000,6.000,0.000;
7.60,994.000,6.000,0.000;
7.65,994.000,6.000,0.000;
7.70,994.000,6.000,0.000;
7.75,994.000,6.000,0.000;
7.80,994.000,6.000,0.000;
7.85,994.000,6.000,0.000;
7.90,993.000,7.000,0.000;
7.95,993.000,7.000,0.000;
8.00,993.000,7.000,0.000;
8.05,993.000,7.000,0.000;
8.10,993.000,7.000,0.000;
8.15,992.000,8.000,0.000;
8.20,992.000,8.000,0.000;
8.25,992.000,8.000,0.000;
8.30,992.000,8.000,0.000;
8.35,992.000,8.000,0.000;
8.40,992.000,8.000,0.000;
8.45,992.000,8.000,0.000;
8.50,992.000,8.000,0.000;
8.55,992.000,8.000,0.000;
8.60,992.000,8.000,0.000;
8.65,992.000,8.000,0.000;
8.70,991.000,9.000,0.000;
8.75,989.000,11.000,0.000;
8.80,988.000,12.000,0.000;
8.85,988.000,12.000,0.000;
8.90,988.000,12.000,0.000;
8.95,988.000,12.000,0.000;
9.00,987.000,12.000,1.000;
9.05,987.000,12.000,1.000;
9.10,987.000,12.000,1.000;
9.15,987.000,12.000,1.000;
9.20,986.000,13.000,1.000;
9.25,985.000,14.000,1.000;
9.30,985.000,14.000,1.000;
9.35,985.000,14.000,1.000;
9.40,985.000,14.000,1.000;
9.45,984.000,15.000,1.000;
9.50,984.000,15.000,1.000;
9.55,982.000,17.000,1.000;
9.60,982.000,17.000,1.000;
9.65,982.000,17.000,1.000;
9.70,982.000,17.000,1.000;
9.75,981.000,18.000,1.000;
9.80,981.000,18.000,1.000;
9.85,981.000,18.000,1.000;
9.90,981.000,18.000,1.000;
9.95,981.000,18.000,1.000;
10.00,981.000,18.000,1.000;
10.05,981.000,18.000,1.000;
10.10,981.000,18.000,1.000;
10.15,981.000,18.000,1.000;
10.20,979.000,20.000,1.000;
10.25,979.000,20.000,1.000;
10.30,979.000,20.000,1.000;
10.35,979.000,20.000,1.000;
10.40,979.000,20.000,1.000;
10.45,978.000,21.000,1.000;
10.50,977.000,22.000,1.000;
10.55,977.000,22.000,1.000;
10.60,977.000,22.000,1.000;
10.65,977.000,21.000,2.000;
10.70,977.000,21.000,2.000;
10.75,977.000,21.000,2.000;
10.80,977.000,21.000,2.000;
10.85,976.000,22.000,2.000;
10.90,975.000,23.000,2.000;
10.95,974.000,24.000,2.000;
11.00,974.000,23.000,3.000;
11.05,974.000,23.000,3.000;
11.10,974.000,22.000,4.000;
11.15,974.000,21.000,5.000;
11.20,974.000,21.000,5.000;
11.25,974.000,21.000,5.000;
11.30,974.000,21.000,5.000;
11.35,974.000,21.000,5.000;
11.40,974.000,21.000,5.000;
11.45,972.000,23.000,5.000;
11.50,972.000,23.000,5.000;
11.55,971.000,24.000,5.000;
11.60,971.000,24.000,5.000;
11.65,971.000,24.000,5.000;
11.70,971.000,24.000,5.000;
11.75,971.000,24.000,5.000;
11.80,971.000,23.000,6.000;
11.85,971.000,23.000,6.000;
11.90,970.000,24.000,6.000;
11.95,970.000,24.000,6.000;
12.00,970.000,24.000,6.000;
12.05,968.000,26.000,6.000;
12.10,968.000,26.000,6.000;
12.15,968.000,26.000,6.000;
12.20,968.000,26.000,6.000;
12.25,968.000,26.000,6.000;
12.30,968.000,26.000,6.000;
12.35,968.000,26.000,6.000;
12.40,968.000,26.000,6.000;
12.45,967.000,27.000,6.000;
12.50,967.000,27.000,6.000;
12.55,967.000,27.000,6.000;
12.60,967.000,27.000,6.000;
12.65,967.000,27.000,6.000;
12.70,967.000,27.000,6.000;
12.75,965.000,29.000,6.000;
12.80,965.000,29.000,6.000;
12.85,965.000,29.000,6.000;
12.90,964.000,30.000,6.000;
12.95,964.000,30.000,6.000;
13.00,963.000,30.000,7.000;
13.05,963.000,30.000,7.000;
13.10,963.000,30.000,7.000;
13.15,963.000,30.000,7.000;
13.20,963.000,30.000,7.000;
13.25,963.000,30.000,7.000;
13.30,962.000,31.000,7.000;
13.35,962.000,31.000,7.000;
13.40,962.000,31.000,7.000;
13.45,962.000,31.000,7.000;
13.50,962.000,31.000,7.000;
13.55,961.000,32.000,7.000;
13.60,960.000,33.000,7.000;
13.65,960.000,33.000,7.000;
13.70,960.000,33.000,7.000;
13.75,960.000,33.000,7.000;
13.80,960.000,33.000,7.000;
13.85,958.000,35.000,7.000;
13.90,958.000,35.000,7.000;
13.95,957.000,36.000,7.000;
14.00,957.000,36.000,7.000;
14.05,957.000,35.000,8.000;
14.10,956.000,36.000,8.000;
14.15,955.000,37.000,8.000;
14.20,954.000,38.000,8.000;
14.25,954.000,38.000,8.000;
14.30,954.000,38.000,8.000;
14.35,953.000,39.000,8.000;
14.40,953.000,39.000,8.000;
14.45,952.000,40.000,8.000;
14.50,952.000,40.000,8.000;
14.55,951.000,40.000,9.000;
14.60,950.000,41.000,9.000;
14.65,949.000,42.000,9.000;
14.70,948.000,42.000,10.000;
14.75,947.000,43.000,10.000;
14.80,946.000,44.000,10.000;
14.85,944.000,46.000,10.000;
