dynamics = [
0.00,999.000,1.000,0.000;
0.10,999.000,1.000,0.000;
0.20,999.000,1.000,0.000;
0.30,999.000,1.000,0.000;
0.40,999.000,1.000,0.000;
0.50,999.000,1.000,0.000;
0.60,999.000,1.000,0.000;
0.70,999.000,1.000,0.000;
0.80,999.000,1.000,0.000;
0.90,999.000,1.000,0.000;
1.00,999.000,1.000,0.000;
1.10,999.000,1.000,0.000;
1.20,999.000,1.000,0.000;
1.30,999.000,1.000,0.000;
1.40,999.000,1.000,0.000;
1.50,999.000,1.000,0.000;
1.60,999.000,1.000,0.000;
1.70,999.000,1.000,0.000;
1.80,999.000,1.000,0.000;
1.90,999.000,1.000,0.000;
2.00,999.000,1.000,0.000;
2.10,999.000,1.000,0.000;
2.20,999.000,1.000,0.000;
2.30,999.000,1.000,0.000;
2.40,999.000,1.000,0.000;
2.50,999.000,1.000,0.000;
2.60,999.000,1.000,0.000;
2.70,999.000,1.000,0.000;
2.80,999.000,1.000,0.000;
2.90,999.000,1.000,0.000;
3.00,999.000,1.000,0.000;
3.10,999.000,1.000,0.000;
3.20,999.000,1.000,0.000;
3.30,999.000,1.000,0.000;
3.40,999.000,1.000,0.000;
3.50,999.000,1.000,0.000;
3.60,999.000,1.000,0.000;
3.70,999.000,1.000,0.000;
3.80,999.000,1.000,0.000;
3.90,999.000,1.000,0.000;
4.00,999.000,1.000,0.000;
4.10,999.000,1.000,0.000;
4.20,999.000,1.000,0.000;
4.30,999.000,1.000,0.000;
4.40,999.000,1.000,0.000;
4.50,999.000,1.000,0.000;
4.60,999.000,1.000,0.000;
4.70,999.000,1.000,0.000;
4.80,999.000,1.000,0.000;
4.90,999.000,1.000,0.000;
5.00,999.000,1.000,0.000;
5.10,999.000,1.000,0.000;
5.20,999.000,1.000,0.000;
5.30,999.000,1.000,0.000;
5.40,999.000,1.000,0.000;
5.50,999.000,1.000,0.000;
5.60,999.000,1.000,0.000;
5.70,999.000,1.000,0.000;
5.80,999.000,1.000,0.000;
5.90,999.000,1.000,0.000;
6.00,999.000,1.000,0.000;
6.10,999.000,1.000,0.000;
6.20,999.000,1.000,0.000;
6.30,999.000,1.000,0.000;
6.40,999.000,1.000,0.000;
6.50,999.000,1.000,0.000;
6.60,999.000,1.000,0.000;
6.70,999.000,1.000,0.000;
6.80,999.000,1.000,0.000;
6.90,999.000,1.000,0.000;
7.00,999.000,1.000,0.000;
7.10,999.000,1.000,0.000;
7.20,999.000,1.000,0.000;
7.30,999.000,1.000,0.000;
7.40,999.000,1.000,0.000;
7.50,998.000,2.000,0.000;
7.60,998.000,2.000,0.000;
7.70,998.000,2.000,0.000;
7.80,998.000,2.000,0.000;
7.90,998.000,2.000,0.000;
8.00,998.000,2.000,0.000;
8.10,997.000,3.000,0.000;
8.20,997.000,3.000,0.000;
8.30,997.000,3.000,0.000;
8.40,997.000,3.000,0.000;
8.50,997.000,3.000,0.000;
8.60,997.000,3.000,0.000;
8.70,997.000,3.000,0.000;
8.80,997.000,3.000,0.000;
8.90,997.000,3.000,0.000;
9.00,996.000,4.000,0.000;
9.10,996.000,4.000,0.000;
9.20,996.000,4.000,0.000;
9.30,996.000,4.000,0.000;
9.40,996.000,4.000,0.000;
9.50,996.000,4.000,0.000;
9.60,995.000,5.000,0.000;
9.70,994.000,6.000,0.000;
9.80,993.000,7.000,0.000;
9.90,993.000,7.000,0.000;
10.00,993.000,7.000,0.000;
10.10,993.000,7.000,0.000;
10.20,993.000,7.000,0.000;
10.30,992.000,8.000,0.000;
10.40,992.000,8.000,0.000;
10.50,992.000,8.000,0.000;
10.60,991.000,9.000,0.000;
10.70,991.000,9.000,0.000;
10.80,991.000,9.000,0.000;
10.90,991.000,9.000,0.000;
11.00,990.000,10.000,0.000;
11.10,990.000,10.000,0.000;
11.20,990.000,10.000,0.000;
11.30,990.000,10.000,0.000;
11.40,990.000,10.000,0.000;
11.50,990.000,10.000,0.000;
11.60,990.000,10.000,0.000;
11.70,990.000,10.000,0.000;
11.80,990.000,10.000,0.000;
11.90,990.000,10.000,0.000;
12.00,990.000,10.000,0.000;
12.10,990.000,10.000,0.000;
12.20,990.000,10.000,0.000;
12.30,990.000,10.000,0.000;
12.40,990.000,10.000,0.000;
12.50,990.000,10.000,0.000;
12.60,990.000,10.000,0.000;
12.70,990.000,10.000,0.000;
12.80,990.000,10.000,0.000;
12.90,989.000,11.000,0.000;
13.00,988.000,12.000,0.000;
13.10,988.000,12.000,0.000;
13.20,988.000,12.000,0.000;
13.30,988.000,12.000,0.000;
13.40,988.000,12.000,0.000;
13.50,987.000,13.000,0.000;
13.60,987.000,12.000,1.000;
13.70,987.000,12.000,1.000;
13.80,985.000,14.000,1.000;
13.90,985.000,14.000,1.000;
14.00,984.000,15.000,1.000;
14.10,983.000,16.000,1.000;
14.20,983.000,16.000,1.000;
14.30,983.000,16.000,1.000;
14.40,983.000,16.000,1.000;
14.50,983.000,16.000,1.000;
14.60,981.000,18.000,1.000;
14.70,980.000,19.000,1.000;
14.80,978.000,21.000,1.000;
14.90,977.000,22.000,1.000;
15.00,975.000,24.000,1.000;
15.10,975.000,24.000,1.000;
15.20,975.000,24.000,1.000;
15.30,974.000,25.000,1.000;
15.40,973.000,26.000,1.000;
15.50,973.000,26.000,1.000;
15.60,972.000,27.000,1.000;
15.70,972.000,26.000,2.000;
15.80,970.000,28.000,2.000;
15.90,970.000,28.000,2.000;
16.00,969.000,29.000,2.000;
16.10,966.000,32.000,2.000;
16.20,966.000,31.000,3.000;
16.30,964.000,33.000,3.000;
16.40,963.000,34.000,3.000;
16.50,962.000,35.000,3.000;
16.60,962.000,35.000,3.000;
16.70,962.000,35.000,3.000;
16.80,962.000,34.000,4.000;
16.90,959.000,37.000,4.000;
17.00,956.000,39.000,5.000;
17.10,956.000,39.000,5.000;
17.20,954.000,40.000,6.000;
17.30,953.000,41.000,6.000;
17.40,952.000,41.000,7.000;
17.50,951.000,42.000,7.000;
17.60,949.000,44.000,7.000;
17.70,948.000,45.000,7.000;
17.80,946.000,47.000,7.000;
17.90,945.000,48.000,7.000;
18.00,945.000,48.000,7.000;
18.10,944.000,49.000,7.000;
18.20,944.000,48.000,8.000;
18.30,942.000,50.000,8.000;
18.40,941.000,51.000,8.000;
18.50,938.000,54.000,8.000;
18.60,938.000,52.000,10.000;
18.70,938.000,52.000,10.000;
18.80,937.000,53.000,10.000;
18.90,936.000,54.000,10.000;
19.00,936.000,53.000,11.000;
19.10,934.000,55.000,11.000;
19.20,930.000,59.000,11.000;
19.30,926.000,63.000,11.000;
19.40,926.000,62.000,12.000;
19.50,924.000,63.000,13.000;
19.60,922.000,64.000,14.000;
19.70,921.000,64.000,15.000;
19.80,919.000,65.000,16.000;
19.90,918.000,64.000,18.000;
20.00,917.000,64.000,19.000;
20.10,915.000,66.000,19.000;
20.20,913.000,67.000,20.000;
20.30,913.000,67.000,20.000;
20.40,911.000,68.000,21.000;
20.50,910.000,69.000,21.000;
20.60,907.000,72.000,21.000;
20.70,905.000,73.000,22.000;
20.80,903.000,75.000,22.000;
20.90,902.000,76.000,22.000;
21.00,900.000,78.000,22.000;
21.10,900.000,78.000,22.000;
21.20,898.000,80.000,22.000;
21.30,894.000,84.000,22.000;
21.40,890.000,88.000,22.000;
21.50,883.000,95.000,22.000;
21.60,881.000,97.000,22.000;
21.70,880.000,98.000,22.000;
21.80,878.000,100.000,22.000;
21.90,878.000,100.000,22.000;
22.00,876.000,101.000,23.000;
22.10,873.000,103.000,24.000;
22.20,870.000,105.000,25.000;
22.30,864.000,111.000,25.000;
22.40,864.000,110.000,26.000;
22.50,863.000,110.000,27.000;
22.60,862.000,111.000,27.000;
22.70,857.000,115.000,28.000;
22.80,854.000,118.000,28.000;
22.90,852.000,120.000,28.000;
23.00,850.000,122.000,28.000;
23.10,847.000,124.000,29.000;
23.20,845.000,126.000,29.000;
23.30,845.000,126.000,29.000;
23.40,844.000,126.000,30.000;
23.50,841.000,128.000,31.000;
23.60,838.000,131.000,31.000;
23.70,837.000,132.000,31.000;
23.80,835.000,134.000,31.000;
23.90,834.000,135.000,31.000;
24.00,832.000,135.000,33.000;
24.10,827.000,136.000,37.000;
24.20,826.000,135.000,39.000;
24.30,824.000,136.000,40.000;
24.40,821.000,138.000,41.000;
24.50,819.000,140.000,41.000;
24.60,817.000,141.000,42.000;
24.70,815.000,140.000,45.000;
24.80,814.000,141.000,45.000;
24.90,810.000,143.000,47.000;
25.00,808.000,145.000,47.000;
25.10,804.000,147.000,49.000;
25.20,801.000,149.000,50.000;
25.30,798.000,151.000,51.000;
25.40,791.000,157.000,52.000;
25.50,787.000,160.000,53.000;
25.60,782.000,164.000,54.000;
25.70,776.000,169.000,55.000;
25.80,773.000,170.000,57.000;
25.90,766.000,176.000,58.000;
26.00,759.000,181.000,60.000;
26.10,757.000,183.000,60.000;
26.20,756.000,181.000,63.000;
26.30,750.000,185.000,65.000;
26.40,745.000,189.000,66.000;
26.50,743.000,191.000,66.000;
26.60,737.000,194.000,69.000;
26.70,733.000,198.000,69.000;
26.80,732.000,198.000,70.000;
26.90,727.000,201.000,72.000;
27.00,726.000,200.000,74.000;
27.10,723.000,201.000,76.000;
27.20,721.000,202.000,77.000;
27.30,717.000,206.000,77.000;
27.40,714.000,203.000,83.000;
27.50,711.000,205.000,84.000;
27.60,707.000,208.000,85.000;
27.70,703.000,210.000,87.000;
27.80,699.000,212.000,89.000;
27.90,696.000,214.000,90.000;
28.00,695.000,213.000,92.000;
28.10,692.000,215.000,93.000;
28.20,688.000,216.000,96.000;
28.30,683.000,221.000,96.000;
28.40,682.000,220.000,98.000;
28.50,680.000,221.000,99.000;
