dynamics = [
9990,10,0;
9990,10,0;
9990,10,0;
9990,10,0;
9990,9,1;
9990,8,2;
9990,8,2;
9989,9,2;
9988,10,2;
9988,10,2;
9987,11,2;
9987,11,2;
9986,12,2;
9986,12,2;
9985,13,2;
9985,13,2;
9984,14,2;
9984,13,3;
9984,13,3;
9984,13,3;
9982,15,3;
9982,15,3;
9982,15,3;
9981,16,3;
9981,15,4;
9980,16,4;
9980,16,4;
9980,16,4;
9980,15,5;
9977,18,5;
9975,20,5;
9974,21,5;
9973,22,5;
9973,22,5;
9973,20,7;
9972,21,7;
9972,21,7;
9971,22,7;
9970,23,7;
9969,24,7;
9968,25,7;
9968,24,8;
9967,25,8;
9967,24,9;
9966,25,9;
9965,26,9;
9965,26,9;
9965,26,9;
9965,26,9;
9965,26,9;
9965,26,9;
9963,28,9;
9961,30,9;
9960,31,9;
9960,31,9;
9959,32,9;
9959,32,9;
9958,32,10;
9957,33,10;
9956,34,10;
9954,36,10;
9953,36,11;
9951,38,11;
9949,39,12;
9949,39,12;
9948,38,14;
9948,38,14;
9947,39,14;
9946,40,14;
9945,41,14;
9941,44,15;
9938,47,15;
9935,50,15;
9935,50,15;
9933,52,15;
9930,55,15;
9928,56,16;
9927,57,16;
9924,59,17;
9921,62,17;
9920,63,17;
9918,64,18;
9915,67,18;
9915,67,18;
9914,68,18;
9912,70,18;
9912,70,18;
9910,72,18;
9906,76,18;
9903,77,20;
9901,78,21;
9898,80,22;
9897,81,22;
9894,83,23;
9894,81,25;
9889,86,25;
9885,89,26;
9884,89,27;
9881,91,28;
9878,92,30;
9874,95,31;
9871,96,33;
9867,100,33;
9864,103,33;
9860,106,34;
9857,106,37;
9851,111,38;
9849,112,39;
9845,116,39;
9840,119,41;
9837,121,42;
9834,123,43;
9830,126,44;
9827,127,46;
9822,132,46;
9818,135,47;
9817,133,50;
9812,138,50;
9807,140,53;
9803,143,54;
9797,144,59;
9793,145,62;
9790,148,62;
9784,152,64;
9775,158,67;
9771,160,69;
9768,161,71;
9765,163,72;
9761,167,72;
9753,174,73;
9745,179,76;
9737,185,78;
9731,190,79;
9728,188,84;
9723,190,87;
9715,197,88;
9707,203,90;
9703,203,94;
9694,210,96;
9687,216,97;
9680,221,99;
9675,223,102;
9669,228,103;
9666,230,104;
9656,237,107;
9651,239,110;
9645,243,112;
9640,243,117;
9634,247,119;
9631,249,120;
9618,257,125;
9610,261,129;
9599,268,133;
9588,277,135;
9582,280,138;
9570,289,141;
9561,292,147;
9551,299,150;
9535,313,152;
9528,313,159;
9521,314,165;
9514,319,167;
9504,327,169;
9494,336,170;
9483,347,170;
9472,356,172;
9459,364,177;
9456,365,179;
9445,371,184;
9432,380,188;
9422,385,193;
9410,394,196;
9399,399,202;
9394,403,203;
9382,411,207;
9369,422,209;
9358,429,213;
9348,433,219;
9339,436,225;
9323,443,234;
9318,445,237;
9311,449,240;
9302,453,245;
9283,470,247;
9274,474,252;
9265,479,256;
9258,480,262;
9247,488,265;
9238,493,269;
9228,496,276;
9215,505,280;
9202,514,284;
9187,527,286;
9173,537,290;
9166,538,296;
9154,538,308;
9133,555,312;
9119,560,321;
9103,572,325;
9095,577,328;
9077,592,331;
9061,602,337;
9047,610,343;
9036,617,347;
9021,625,354;
9009,630,361;
8996,637,367;
8978,652,370;
8960,661,379;
8948,670,382;
8932,682,386;
8918,686,396;
8906,693,401;
8892,699,409;
8879,708,413;
8862,722,416;
8854,721,425;
8837,732,431;
8823,741,436;
8810,748,442;
8793,760,447;
8779,766,455;
8762,777,461;
8749,782,469;
8726,796,478;
8709,803,488;
8694,807,499;
8671,825,504;
8654,837,509;
8644,843,513;
8630,851,519;
8611,861,528;
8597,872,531;
8578,882,540;
8563,888,549;
8547,893,560;
8530,902,568;
8515,911,574;
8500,920,580;
8483,924,593;
8467,935,598;
8450,942,608;
8426,954,620;
8408,966,626;
8389,982,629;
8374,989,637;
8354,1002,644;
8333,1019,648;
8315,1023,662;
8301,1031,668;
8287,1037,676;
8268,1043,689;
8254,1051,695;
8235,1060,705;
8221,1065,714;
8202,1076,722;
8185,1086,729;
8172,1094,734;
8153,1104,743;
8135,1113,752;
8118,1124,758;
8098,1134,768;
8087,1139,774;
8071,1147,782;
8057,1151,792;
8031,1167,802;
8008,1173,819;
7990,1181,829;
7971,1193,836;
7944,1213,843;
7927,1218,855;
7903,1232,865;
7888,1231,881;
7865,1239,896;
7848,1249,903;
7832,1258,910;
7813,1270,917;
7788,1287,925;
7770,1297,933;
7750,1309,941;
7734,1316,950;
7709,1329,962;
7695,1327,978;
7681,1325,994;
7665,1333,1002;
7640,1352,1008;
7620,1368,1012;
7597,1382,1021;
7577,1392,1031;
7555,1404,1041;
7534,1419,1047;
7517,1426,1057;
7496,1434,1070;
7474,1443,1083;
7453,1455,1092;
7432,1464,1104;
7410,1470,1120;
7387,1479,1134;
7367,1486,1147;
7342,1499,1159;
7321,1508,1171;
7297,1514,1189;
7273,1528,1199;
7250,1540,1210;
7229,1547,1224;
7202,1562,1236;
7176,1580,1244;
7164,1585,1251;
7143,1593,1264;
7119,1599,1282;
7093,1609,1298;
7073,1618,1309;
7049,1630,1321;
7020,1645,1335;
6994,1665,1341;
6963,1691,1346;
6932,1710,1358;
6904,1728,1368;
6880,1745,1375;
6858,1758,1384;
6836,1767,1397;
6814,1773,1413;
6789,1791,1420;
6765,1795,1440;
6739,1809,1452;
6717,1813,1470;
6695,1826,1479;
6684,1827,1489;
6658,1834,1508;
6635,1836,1529;
6606,1849,1545;
6586,1858,1556;
6566,1868,1566;
6540,1875,1585;
6515,1886,1599;
6496,1888,1616;
6473,1892,1635;
6452,1900,1648;
6427,1917,1656;
6397,1933,1670;
6375,1942,1683;
6357,1946,1697;
6333,1955,1712;
6308,1968,1724;
6280,1984,1736;
6252,2001,1747;
6232,2007,1761;
6191,2034,1775;
6177,2031,1792;
6148,2047,1805;
6125,2058,1817;
6101,2067,1832;
6081,2076,1843;
6057,2084,1859;
6024,2102,1874;
6004,2102,1894;
5988,2101,1911;
5961,2115,1924;
5934,2122,1944;
5904,2134,1962;
5877,2144,1979;
5840,2155,2005;
5807,2167,2026;
5781,2171,2048;
5759,2181,2060;
5727,2202,2071;
5699,2213,2088;
5675,2224,2101;
5646,2244,2110;
5627,2249,2124;
5605,2251,2144;
5577,2259,2164;
5548,2273,2179;
5520,2282,2198;
5493,2295,2212;
5468,2307,2225;
5439,2326,2235;
5416,2330,2254;
5396,2331,2273;
5359,2354,2287;
5329,2367,2304;
5302,2374,2324;
5280,2375,2345;
5248,2391,2361;
5222,2402,2376;
5197,2406,2397;
5172,2408,2420;
5143,2412,2445;
5121,2418,2461;
5092,2433,2475;
5069,2442,2489;
5052,2432,2516;
5026,2436,2538;
5002,2447,2551;
4980,2447,2573;
4965,2449,2586;
4930,2464,2606;
4908,2467,2625;
4889,2468,2643;
4864,2479,2657;
4839,2490,2671;
4817,2491,2692;
4799,2497,2704;
4763,2513,2724;
4737,2521,2742;
4713,2527,2760;
4683,2537,2780;
4664,2541,2795;
4636,2554,2810;
4616,2554,2830;
4593,2559,2848;
4572,2556,2872;
4547,2565,2888;
4537,2553,2910;
4517,2558,2925;
4491,2568,2941;
4470,2562,2968;
4451,2565,2984;
4427,2567,3006;
4409,2573,3018;
4381,2588,3031;
4360,2591,3049;
4332,2600,3068;
4308,2607,3085;
4287,2613,3100;
4264,2616,3120;
4243,2619,3138;
4216,2638,3146;
4198,2632,3170;
4180,2627,3193;
4161,2623,3216;
4142,2625,3233;
4126,2621,3253;
4106,2626,3268;
4080,2640,3280;
4066,2634,3300;
4048,2630,3322;
4025,2628,3347;
4009,2626,3365;
3987,2630,3383;
3959,2645,3396;
3936,2649,3415;
3915,2655,3430;
3892,2662,3446;
3863,2671,3466;
3843,2664,3493;
3817,2665,3518;
3795,2671,3534;
3780,2670,3550;
3750,2685,3565;
3738,2681,3581;
3724,2676,3600;
3707,2680,3613;
3683,2687,3630;
3670,2680,3650;
3663,2673,3664;
3649,2666,3685;
3632,2663,3705;
3613,2663,3724;
3593,2664,3743;
3577,2657,3766;
3562,2652,3786;
3539,2665,3796;
3523,2661,3816;
3510,2664,3826;
3497,2659,3844;
3474,2669,3857;
3453,2672,3875;
3431,2677,3892;
3411,2680,3909;
3394,2681,3925;
3382,2671,3947;
3369,2661,3970;
3352,2666,3982;
3330,2676,3994;
3310,2681,4009;
3294,2675,4031;
3279,2675,4046;
3263,2671,4066;
3234,2691,4075;
3216,2690,4094;
3207,2675,4118;
3191,2673,4136;
3171,2674,4155;
3150,2679,4171;
3130,2681,4189;
3112,2682,4206;
3094,2681,4225;
3085,2674,4241;
3074,2661,4265;
3061,2658,4281;
3048,2652,4300;
3034,2643,4323;
3019,2645,4336;
3007,2636,4357;
2988,2639,4373;
2973,2639,4388;
2959,2636,4405;
2945,2635,4420;
2927,2631,4442;
2913,2621,4466;
2899,2620,4481;
2884,2619,4497;
2860,2628,4512;
2843,2634,4523;
2834,2632,4534;
2818,2631,4551;
2794,2631,4575;
2782,2629,4589;
2759,2639,4602;
2738,2644,4618;
2730,2639,4631;
2707,2641,4652;
2687,2643,4670;
2675,2639,4686;
2657,2637,4706;
2645,2634,4721;
2629,2636,4735;
2610,2633,4757;
2601,2627,4772;
2590,2616,4794;
2574,2615,4811;
2554,2618,4828;
2547,2613,4840;
2539,2612,4849;
2528,2605,4867;
2512,2606,4882;
2496,2609,4895;
2479,2606,4915;
2464,2603,4933;
2448,2602,4950;
2425,2611,4964;
2409,2612,4979;
2400,2606,4994;
2386,2604,5010;
2378,2599,5023;
2367,2596,5037;
2359,2591,5050;
2349,2578,5073;
2339,2569,5092;
2330,2557,5113;
2315,2555,5130;
2304,2549,5147;
2295,2546,5159;
2287,2535,5178;
2277,2531,5192;
2270,2526,5204;
2257,2526,5217;
2245,2524,5231;
2232,2519,5249;
2221,2519,5260;
