dynamics = [
90,10,0;
90,10,0;
89,11,0;
88,12,0;
88,12,0;
88,11,1;
88,11,1;
88,11,1;
88,11,1;
88,11,1;
87,12,1;
87,12,1;
87,12,1;
86,13,1;
86,13,1;
86,13,1;
86,13,1;
86,13,1;
86,13,1;
86,13,1;
85,14,1;
85,14,1;
85,14,1;
85,14,1;
85,14,1;
85,14,1;
84,15,1;
83,16,1;
83,16,1;
83,16,1;
83,16,1;
83,16,1;
83,16,1;
83,16,1;
83,16,1;
82,17,1;
81,18,1;
81,17,2;
81,17,2;
81,17,2;
81,17,2;
81,17,2;
81,17,2;
81,17,2;
81,17,2;
81,17,2;
80,18,2;
80,18,2;
80,17,3;
80,17,3;
80,17,3;
80,17,3;
80,17,3;
80,17,3;
80,17,3;
80,17,3;
80,17,3;
80,17,3;
80,17,3;
80,17,3;
80,17,3;
80,17,3;
80,17,3;
80,17,3;
80,17,3;
80,17,3;
80,17,3;
80,17,3;
80,17,3;
80,17,3;
79,18,3;
79,18,3;
79,18,3;
79,18,3;
79,18,3;
79,18,3;
79,17,4;
79,17,4;
79,17,4;
79,17,4;
79,17,4;
79,17,4;
79,17,4;
79,17,4;
79,17,4;
79,17,4;
79,17,4;
79,17,4;
79,17,4;
79,17,4;
79,17,4;
79,16,5;
79,16,5;
79,16,5;
79,16,5;
79,16,5;
79,15,6;
79,15,6;
79,15,6;
79,15,6;
78,16,6;
78,16,6;
78,16,6;
78,16,6;
78,16,6;
78,16,6;
78,16,6;
78,16,6;
78,16,6;
77,17,6;
77,17,6;
77,16,7;
77,16,7;
77,16,7;
77,16,7;
77,16,7;
77,16,7;
76,17,7;
76,17,7;
75,18,7;
75,18,7;
75,18,7;
75,18,7;
75,18,7;
74,18,8;
73,19,8;
73,19,8;
72,20,8;
72,20,8;
71,21,8;
71,21,8;
71,21,8;
70,22,8;
70,22,8;
70,22,8;
70,22,8;
69,23,8;
69,23,8;
68,24,8;
67,25,8;
67,25,8;
67,25,8;
67,24,9;
67,24,9;
67,24,9;
67,24,9;
67,24,9;
67,24,9;
67,24,9;
67,24,9;
67,24,9;
67,24,9;
67,24,9;
67,24,9;
67,24,9;
66,25,9;
66,25,9;
66,25,9;
65,26,9;
65,26,9;
65,26,9;
65,26,9;
65,26,9;
65,26,9;
65,25,10;
65,25,10;
65,25,10;
65,25,10;
65,25,10;
65,25,10;
64,26,10;
64,26,10;
62,28,10;
62,28,10;
62,28,10;
62,28,10;
62,28,10;
61,29,10;
61,29,10;
61,29,10;
61,29,10;
61,29,10;
61,29,10;
61,29,10;
59,31,10;
59,31,10;
59,31,10;
58,32,10;
58,32,10;
58,32,10;
56,34,10;
56,34,10;
56,33,11;
56,33,11;
56,33,11;
55,34,11;
55,34,11;
54,35,11;
54,35,11;
54,35,11;
54,35,11;
53,36,11;
53,36,11;
53,36,11;
52,37,11;
51,38,11;
50,39,11;
50,39,11;
50,39,11;
50,39,11;
50,39,11;
49,40,11;
49,40,11;
49,40,11;
49,40,11;
49,40,11;
49,40,11;
49,40,11;
49,39,12;
49,39,12;
49,39,12;
48,40,12;
47,41,12;
47,41,12;
47,41,12;
47,41,12;
47,41,12;
47,41,12;
47,41,12;
47,41,12;
47,41,12;
47,41,12;
47,41,12;
47,41,12;
46,42,12;
46,42,12;
46,42,12;
46,42,12;
45,43,12;
45,43,12;
45,43,12;
45,43,12;
45,43,12;
45,43,12;
45,43,12;
45,43,12;
45,43,12;
44,44,12;
44,44,12;
44,44,12;
44,44,12;
44,44,12;
44,42,14;
44,41,15;
44,40,16;
44,40,16;
44,40,16;
44,40,16;
44,40,16;
44,40,16;
44,40,16;
43,41,16;
42,42,16;
42,42,16;
42,42,16;
42,42,16;
42,42,16;
41,42,17;
41,42,17;
41,41,18;
40,42,18;
40,42,18;
40,42,18;
40,41,19;
40,41,19;
40,41,19;
39,41,20;
39,41,20;
38,42,20;
38,42,20;
38,42,20;
37,43,20;
37,43,20;
37,43,20;
37,42,21;
37,41,22;
37,41,22;
37,41,22;
37,40,23;
37,40,23;
37,40,23;
37,40,23;
37,40,23;
37,40,23;
37,40,23;
37,39,24;
37,39,24;
37,38,25;
36,39,25;
36,39,25;
36,39,25;
36,39,25;
36,39,25;
36,39,25;
36,39,25;
36,39,25;
36,39,25;
35,40,25;
35,40,25;
35,40,25;
35,40,25;
35,40,25;
35,40,25;
33,42,25;
33,42,25;
33,42,25;
33,42,25;
33,41,26;
33,41,26;
33,40,27;
32,41,27;
32,41,27;
32,41,27;
31,41,28;
31,41,28;
30,42,28;
30,42,28;
30,41,29;
30,41,29;
30,41,29;
30,41,29;
30,41,29;
30,41,29;
30,40,30;
30,40,30;
30,40,30;
30,40,30;
29,41,30;
29,40,31;
29,40,31;
29,40,31;
28,41,31;
27,42,31;
27,42,31;
27,42,31;
27,42,31;
27,42,31;
27,42,31;
27,41,32;
27,41,32;
27,41,32;
27,41,32;
26,42,32;
25,43,32;
25,43,32;
25,43,32;
25,43,32;
25,43,32;
25,43,32;
25,43,32;
25,43,32;
25,42,33;
25,42,33;
24,43,33;
24,43,33;
24,43,33;
24,43,33;
24,43,33;
24,43,33;
24,43,33;
24,43,33;
24,43,33;
24,43,33;
23,44,33;
23,44,33;
23,43,34;
23,42,35;
23,41,36;
23,40,37;
23,40,37;
23,40,37;
23,40,37;
23,40,37;
23,40,37;
23,40,37;
23,40,37;
22,41,37;
22,41,37;
22,41,37;
22,41,37;
22,41,37;
22,41,37;
22,41,37;
22,41,37;
22,41,37;
22,41,37;
22,40,38;
22,40,38;
21,41,38;
21,41,38;
21,41,38;
21,41,38;
21,41,38;
21,41,38;
21,41,38;
21,41,38;
21,41,38;
20,42,38;
20,42,38;
20,42,38;
20,42,38;
20,42,38;
20,41,39;
20,41,39;
20,41,39;
20,41,39;
20,41,39;
20,41,39;
20,41,39;
20,41,39;
20,41,39;
20,41,39;
20,41,39;
20,41,39;
20,41,39;
19,42,39;
19,42,39;
19,42,39;
19,42,39;
17,44,39;
17,44,39;
17,44,39;
16,44,40;
15,45,40;
15,45,40;
15,45,40;
15,45,40;
15,44,41;
15,44,41;
15,44,41;
15,43,42;
15,43,42;
15,43,42;
15,43,42;
14,44,42;
14,44,42;
14,44,42;
14,44,42;
14,44,42;
14,44,42;
14,44,42;
14,44,42;
14,44,42;
14,44,42;
14,44,42;
14,44,42;
14,44,42;
14,44,42;
14,44,42;
14,44,42;
14,44,42;
14,44,42;
14,44,42;
14,44,42;
14,44,42;
14,44,42;
14,44,42;
14,44,42;
14,44,42;
14,44,42;
14,44,42;
14,44,42;
14,44,42;
14,44,42;
14,44,42;
14,44,42;
14,43,43;
14,43,43;
14,43,43;
14,43,43;
14,42,44;
14,42,44;
14,42,44;
14,42,44;
14,41,45;
14,41,45;
14,41,45;
14,41,45;
14,41,45;
14,41,45;
14,41,45;
14,41,45;
14,41,45;
14,41,45;
14,41,45;
13,41,46;
13,41,46;
13,41,46;
13,41,46;
13,41,46;
13,41,46;
13,41,46;
13,41,46;
13,41,46;
13,41,46;
13,41,46;
13,41,46;
13,41,46;
13,41,46;
13,41,46;
13,41,46;
13,41,46;
13,40,47;
13,40,47;
13,40,47;
13,40,47;
13,40,47;
13,39,48;
13,39,48;
13,39,48;
13,39,48;
13,39,48;
13,39,48;
13,39,48;
13,39,48;
13,39,48;
13,39,48;
13,39,48;
13,39,48;
13,39,48;
13,39,48;
13,39,48;
13,39,48;
13,39,48;
13,38,49;
13,38,49;
13,38,49;
13,38,49;
13,38,49;
13,38,49;
13,38,49;
13,38,49;
13,38,49;
13,37,50;
13,37,50;
13,37,50;
13,36,51;
13,36,51;
13,36,51;
13,36,51;
13,36,51;
13,36,51;
13,36,51;
13,36,51;
13,36,51;
13,36,51;
13,36,51;
13,36,51;
12,37,51;
12,37,51;
12,37,51;
12,37,51;
12,37,51;
12,37,51;
12,37,51;
12,37,51;
12,36,52;
12,36,52;
12,36,52;
12,36,52;
12,36,52;
12,36,52;
12,36,52;
12,35,53;
12,35,53;
11,36,53;
11,36,53;
11,36,53;
10,37,53;
10,37,53;
10,37,53;
10,37,53;
10,37,53;
9,37,54;
9,36,55;
9,36,55;
9,36,55;
9,36,55;
9,36,55;
9,36,55;
9,36,55;
9,35,56;
9,35,56;
9,35,56;
9,35,56;
9,35,56;
9,35,56;
9,35,56;
9,35,56;
9,35,56;
9,35,56;
9,34,57;
9,34,57;
9,34,57;
9,34,57;
9,34,57;
9,33,58;
9,32,59;
9,32,59;
9,32,59;
9,32,59;
9,32,59;
9,32,59;
9,32,59;
9,32,59;
9,32,59;
9,32,59;
9,32,59;
9,32,59;
9,32,59;
9,32,59;
9,32,59;
9,32,59;
9,31,60;
9,31,60;
9,31,60;
9,31,60;
9,31,60;
9,31,60;
9,31,60;
9,31,60;
9,31,60;
9,31,60;
9,31,60;
9,31,60;
9,31,60;
9,31,60;
9,31,60;
9,31,60;
9,31,60;
9,31,60;
9,31,60;
9,31,60;
9,31,60;
9,31,60;
9,31,60;
9,31,60;
9,31,60;
9,31,60;
9,31,60;
9,31,60;
9,31,60;
9,31,60;
9,31,60;
9,31,60;
9,31,60;
9,30,61;
9,30,61;
9,30,61;
9,30,61;
9,30,61;
9,30,61;
9,30,61;
9,30,61;
9,30,61;
9,30,61;
9,30,61;
9,30,61;
9,30,61;
9,30,61;
9,30,61;
9,30,61;
9,30,61;
9,30,61;
9,30,61;
9,30,61;
9,30,61;
9,30,61;
9,30,61;
9,30,61;
9,30,61;
9,30,61;
9,30,61;
9,30,61;
9,30,61;
9,30,61;
9,30,61;
9,30,61;
9,29,62;
9,29,62;
9,28,63;
9,28,63;
9,28,63;
9,28,63;
9,28,63;
9,28,63;
9,28,63;
9,28,63;
9,28,63;
9,27,64;
9,27,64;
9,27,64;
9,26,65;
9,26,65;
9,26,65;
9,26,65;
9,26,65;
9,25,66;
9,25,66;
9,25,66;
9,25,66;
9,25,66;
9,25,66;
9,25,66;
9,25,66;
9,25,66;
9,25,66;
9,25,66;
9,25,66;
9,25,66;
9,25,66;
9,25,66;
9,25,66;
9,25,66;
9,25,66;
9,25,66;
9,25,66;
9,25,66;
9,25,66;
8,26,66;
8,26,66;
8,26,66;
8,26,66;
8,26,66;
8,26,66;
8,26,66;
8,26,66;
8,26,66;
8,26,66;
8,26,66;
8,26,66;
8,26,66;
8,26,66;
8,26,66;
8,26,66;
8,26,66;
8,26,66;
7,27,66;
7,27,66;
7,27,66;
7,27,66;
7,27,66;
7,27,66;
7,26,67;
7,26,67;
7,26,67;
7,26,67;
7,26,67;
7,26,67;
7,26,67;
7,26,67;
7,26,67;
7,26,67;
7,26,67;
7,26,67;
7,25,68;
7,24,69;
7,23,70;
7,22,71;
7,22,71;
7,22,71;
7,22,71;
7,22,71;
7,22,71;
7,22,71;
7,22,71;
7,22,71;
7,22,71;
7,22,71;
7,22,71;
7,22,71;
7,22,71;
7,22,71;
7,22,71;
7,22,71;
7,22,71;
7,22,71;
7,22,71;
7,22,71;
7,22,71;
7,22,71;
7,22,71;
7,22,71;
7,22,71;
7,22,71;
7,22,71;
7,22,71;
7,22,71;
7,22,71;
7,22,71;
7,22,71;
7,22,71;
7,22,71;
7,22,71;
7,22,71;
7,22,71;
7,22,71;
7,22,71;
7,22,71;
7,22,71;
6,23,71;
6,23,71;
6,23,71;
6,22,72;
6,22,72;
6,22,72;
6,22,72;
6,22,72;
6,22,72;
6,22,72;
6,22,72;
6,22,72;
6,22,72;
6,22,72;
6,22,72;
6,22,72;
6,22,72;
6,22,72;
6,22,72;
6,22,72;
6,22,72;
6,22,72;
6,22,72;
6,22,72;
6,22,72;
6,22,72;
6,22,72;
6,21,73;
6,21,73;
6,21,73;
