steps = 3500;
dt = 0.1;
replications = 4;
dynamics = [
1023.000,1.000,0.000;
1023.000,1.000,0.000;
1023.000,1.000,0.000;
1023.000,1.000,0.000;
1023.000,1.000,0.000;
1022.500,1.500,0.000;
1022.500,1.500,0.000;
1022.500,1.500,0.000;
1022.500,1.500,0.000;
1022.500,1.500,0.000;
1022.500,1.500,0.000;
1022.500,1.500,0.000;
1022.500,1.500,0.000;
1022.500,1.500,0.000;
1022.500,1.500,0.000;
1022.500,1.500,0.000;
1022.500,1.500,0.000;
1022.500,1.500,0.000;
1022.250,1.750,0.000;
1022.250,1.750,0.000;
1022.000,2.000,0.000;
1022.000,2.000,0.000;
1022.000,2.000,0.000;
1021.750,2.250,0.000;
1021.750,2.250,0.000;
1021.750,2.250,0.000;
1021.750,2.250,0.000;
1021.750,2.250,0.000;
1021.750,2.250,0.000;
1021.750,2.250,0.000;
1021.750,2.250,0.000;
1021.500,2.500,0.000;
1021.500,2.500,0.000;
1021.250,2.750,0.000;
1021.250,2.750,0.000;
1021.250,2.750,0.000;
1021.250,2.750,0.000;
1021.250,2.750,0.000;
1021.250,2.750,0.000;
1021.250,2.750,0.000;
1021.250,2.750,0.000;
1021.250,2.750,0.000;
1021.250,2.750,0.000;
1021.250,2.750,0.000;
1021.000,3.000,0.000;
1021.000,3.000,0.000;
1021.000,3.000,0.000;
1021.000,3.000,0.000;
1021.000,3.000,0.000;
1021.000,3.000,0.000;
1021.000,3.000,0.000;
1021.000,3.000,0.000;
1021.000,3.000,0.000;
1021.000,3.000,0.000;
1021.000,3.000,0.000;
1021.000,3.000,0.000;
1020.750,3.250,0.000;
1020.750,3.250,0.000;
1020.750,3.250,0.000;
1020.750,3.250,0.000;
1020.750,3.250,0.000;
1020.750,3.250,0.000;
1020.500,3.500,0.000;
1020.250,3.750,0.000;
1020.250,3.750,0.000;
1020.250,3.750,0.000;
1020.000,4.000,0.000;
1020.000,4.000,0.000;
1020.000,4.000,0.000;
1020.000,4.000,0.000;
1020.000,4.000,0.000;
1019.750,4.250,0.000;
1019.750,4.250,0.000;
1019.500,4.500,0.000;
1019.000,4.750,0.250;
1019.000,4.750,0.250;
1019.000,4.750,0.250;
1019.000,4.750,0.250;
1018.750,5.000,0.250;
1018.750,5.000,0.250;
1018.750,5.000,0.250;
1018.750,5.000,0.250;
1018.750,5.000,0.250;
1018.750,5.000,0.250;
1018.750,5.000,0.250;
1018.750,5.000,0.250;
1018.750,5.000,0.250;
1018.750,5.000,0.250;
1018.750,5.000,0.250;
1018.750,5.000,0.250;
1018.750,5.000,0.250;
1018.500,5.250,0.250;
1018.500,5.250,0.250;
1018.250,5.500,0.250;
1018.250,5.500,0.250;
1018.250,5.500,0.250;
1017.500,6.250,0.250;
1017.250,6.500,0.250;
1017.250,6.500,0.250;
1017.250,6.500,0.250;
1017.250,6.500,0.250;
1017.000,6.750,0.250;
1017.000,6.750,0.250;
1017.000,6.750,0.250;
1017.000,6.750,0.250;
1017.000,6.750,0.250;
1017.000,6.750,0.250;
1017.000,6.750,0.250;
1016.750,6.750,0.500;
1016.500,7.000,0.500;
1016.250,7.250,0.500;
1016.000,7.500,0.500;
1016.000,7.500,0.500;
1016.000,7.500,0.500;
1015.750,7.750,0.500;
1015.750,7.500,0.750;
1015.750,7.500,0.750;
1015.750,7.250,1.000;
1015.750,7.250,1.000;
1015.500,7.500,1.000;
1015.500,7.250,1.250;
1015.250,7.500,1.250;
1015.250,7.500,1.250;
1015.250,7.500,1.250;
1015.000,7.750,1.250;
1014.750,8.000,1.250;
1014.750,8.000,1.250;
1014.750,8.000,1.250;
1014.500,8.250,1.250;
1014.250,8.500,1.250;
1014.250,8.500,1.250;
1014.000,8.250,1.750;
1013.750,8.500,1.750;
1013.750,8.500,1.750;
1013.750,8.250,2.000;
1013.750,8.000,2.250;
1013.750,8.000,2.250;
1013.750,8.000,2.250;
1013.500,8.000,2.500;
1013.500,8.000,2.500;
1013.500,8.000,2.500;
1013.500,8.000,2.500;
1013.500,8.000,2.500;
1013.500,8.000,2.500;
1013.250,8.000,2.750;
1013.000,8.250,2.750;
1013.000,8.250,2.750;
1013.000,8.000,3.000;
1013.000,8.000,3.000;
1013.000,8.000,3.000;
1013.000,8.000,3.000;
1013.000,7.750,3.250;
1013.000,6.750,4.250;
1013.000,6.750,4.250;
1013.000,6.750,4.250;
1013.000,6.750,4.250;
1013.000,6.750,4.250;
1013.000,6.750,4.250;
1012.750,7.000,4.250;
1012.750,7.000,4.250;
1012.750,6.750,4.500;
1012.500,7.000,4.500;
1012.500,7.000,4.500;
1012.500,7.000,4.500;
1012.250,7.250,4.500;
1012.250,7.250,4.500;
1012.250,7.250,4.500;
1012.000,7.250,4.750;
1012.000,7.250,4.750;
1012.000,7.250,4.750;
1011.750,7.500,4.750;
1011.750,7.500,4.750;
1011.750,7.250,5.000;
1011.500,7.500,5.000;
1011.000,8.000,5.000;
1011.000,8.000,5.000;
1010.750,8.250,5.000;
1010.750,8.250,5.000;
1010.750,8.250,5.000;
1010.750,8.250,5.000;
1010.750,8.250,5.000;
1010.500,8.500,5.000;
1010.250,8.500,5.250;
1010.250,8.500,5.250;
1010.250,8.500,5.250;
1010.250,8.500,5.250;
1010.250,8.500,5.250;
1010.250,8.500,5.250;
1010.250,8.500,5.250;
1010.000,8.500,5.500;
1010.000,8.500,5.500;
1009.750,8.750,5.500;
1009.750,8.750,5.500;
1009.500,9.000,5.500;
1009.500,8.750,5.750;
1009.250,9.000,5.750;
1009.250,9.000,5.750;
1009.000,9.000,6.000;
1009.000,8.750,6.250;
1009.000,8.500,6.500;
1009.000,8.500,6.500;
1008.500,9.000,6.500;
1008.500,9.000,6.500;
1008.500,9.000,6.500;
1008.500,8.750,6.750;
1008.500,8.750,6.750;
1008.500,8.750,6.750;
1008.500,8.500,7.000;
1008.250,8.750,7.000;
1008.000,9.000,7.000;
1008.000,9.000,7.000;
1008.000,9.000,7.000;
1008.000,8.750,7.250;
1008.000,8.750,7.250;
1008.000,8.500,7.500;
1007.250,9.250,7.500;
1007.250,9.000,7.750;
1007.250,9.000,7.750;
1007.250,8.750,8.000;
1007.250,8.750,8.000;
1007.250,8.500,8.250;
1007.000,8.750,8.250;
1007.000,8.750,8.250;
1007.000,8.750,8.250;
1007.000,8.750,8.250;
1006.750,9.000,8.250;
1006.750,9.000,8.250;
1006.750,8.750,8.500;
1006.750,8.750,8.500;
1006.750,8.750,8.500;
1006.500,9.000,8.500;
1006.500,9.000,8.500;
1006.000,9.500,8.500;
1006.000,9.000,9.000;
1006.000,8.750,9.250;
1006.000,8.750,9.250;
1006.000,8.500,9.500;
1006.000,8.500,9.500;
1005.750,8.500,9.750;
1005.750,8.500,9.750;
1005.750,8.250,10.000;
1005.750,8.250,10.000;
1005.750,8.250,10.000;
1005.750,8.250,10.000;
1005.750,8.250,10.000;
1005.500,8.500,10.000;
1005.500,8.500,10.000;
1005.250,8.750,10.000;
1005.250,8.750,10.000;
1005.250,8.750,10.000;
1005.000,8.750,10.250;
1005.000,8.750,10.250;
1005.000,8.750,10.250;
1005.000,8.750,10.250;
1005.000,8.750,10.250;
1004.750,9.000,10.250;
1004.250,9.500,10.250;
1004.250,9.500,10.250;
1004.250,9.500,10.250;
1004.250,9.500,10.250;
1004.250,9.500,10.250;
1004.250,9.250,10.500;
1004.250,9.250,10.500;
1004.250,9.250,10.500;
1004.250,9.250,10.500;
1004.250,9.250,10.500;
1004.250,9.250,10.500;
1004.250,9.250,10.500;
1004.000,9.250,10.750;
1003.750,9.500,10.750;
1003.750,9.500,10.750;
1003.500,9.750,10.750;
1003.000,10.250,10.750;
1003.000,10.250,10.750;
1003.000,10.250,10.750;
1003.000,10.250,10.750;
1003.000,10.250,10.750;
1003.000,10.250,10.750;
1002.750,10.250,11.000;
1002.750,10.250,11.000;
1002.500,10.500,11.000;
1002.250,10.750,11.000;
1002.250,10.750,11.000;
1002.250,10.750,11.000;
1002.250,10.500,11.250;
1002.250,10.500,11.250;
1002.000,10.500,11.500;
1001.750,10.750,11.500;
1001.500,10.750,11.750;
1001.500,10.500,12.000;
1001.500,10.500,12.000;
1001.250,10.750,12.000;
1000.750,11.000,12.250;
1000.750,11.000,12.250;
1000.500,11.250,12.250;
1000.500,11.250,12.250;
1000.500,11.250,12.250;
1000.250,11.500,12.250;
1000.250,11.500,12.250;
1000.000,11.750,12.250;
999.500,12.250,12.250;
999.250,12.500,12.250;
999.250,12.250,12.500;
999.000,12.250,12.750;
999.000,12.250,12.750;
999.000,12.250,12.750;
999.000,12.250,12.750;
998.500,12.750,12.750;
998.250,13.000,12.750;
997.750,13.500,12.750;
997.750,13.000,13.250;
997.250,13.500,13.250;
997.250,13.500,13.250;
997.000,13.500,13.500;
996.500,14.000,13.500;
996.250,14.250,13.500;
996.250,14.250,13.500;
996.250,14.250,13.500;
995.750,14.750,13.500;
995.750,14.750,13.500;
995.500,15.000,13.500;
995.500,14.500,14.000;
995.250,14.250,14.500;
995.000,14.000,15.000;
994.750,14.250,15.000;
994.750,14.250,15.000;
994.500,14.500,15.000;
994.250,14.750,15.000;
994.000,15.000,15.000;
993.750,15.000,15.250;
993.500,15.250,15.250;
993.250,15.500,15.250;
992.750,16.000,15.250;
992.250,16.500,15.250;
991.750,16.750,15.500;
991.750,16.250,16.000;
991.500,16.250,16.250;
991.000,16.750,16.250;
990.750,17.000,16.250;
990.500,17.000,16.500;
990.500,16.750,16.750;
990.500,16.750,16.750;
990.500,16.750,16.750;
990.500,16.750,16.750;
990.500,16.500,17.000;
990.500,16.500,17.000;
990.250,16.750,17.000;
990.250,16.750,17.000;
990.000,17.000,17.000;
990.000,16.750,17.250;
989.500,17.250,17.250;
989.500,17.250,17.250;
989.250,17.500,17.250;
989.250,17.250,17.500;
