steps = 1000;
dt = 0.1;
replications = 0;
dynamics = [
1023.000,1.000,0.000;
1023.000,1.000,0.000;
1023.000,1.000,0.000;
1023.000,1.000,0.000;
1023.000,1.000,0.000;
1023.000,1.000,0.000;
1023.000,1.000,0.000;
1023.000,1.000,0.000;
1023.000,1.000,0.000;
1023.000,1.000,0.000;
1022.000,2.000,0.000;
1022.000,2.000,0.000;
1021.000,3.000,0.000;
1021.000,3.000,0.000;
1021.000,3.000,0.000;
1021.000,3.000,0.000;
1020.000,4.000,0.000;
1019.000,5.000,0.000;
1019.000,5.000,0.000;
1019.000,5.000,0.000;
1018.000,6.000,0.000;
1018.000,6.000,0.000;
1017.000,6.000,1.000;
1017.000,6.000,1.000;
1017.000,6.000,1.000;
1017.000,6.000,1.000;
1017.000,6.000,1.000;
1017.000,6.000,1.000;
1016.000,7.000,1.000;
1016.000,7.000,1.000;
1015.000,8.000,1.000;
1015.000,8.000,1.000;
1015.000,8.000,1.000;
1014.000,9.000,1.000;
1014.000,9.000,1.000;
1014.000,9.000,1.000;
1014.000,9.000,1.000;
1012.000,11.000,1.000;
1011.000,12.000,1.000;
1011.000,12.000,1.000;
1011.000,12.000,1.000;
1010.000,13.000,1.000;
1009.000,14.000,1.000;
1008.000,15.000,1.000;
1008.000,15.000,1.000;
1007.000,16.000,1.000;
1005.000,18.000,1.000;
1005.000,18.000,1.000;
1005.000,18.000,1.000;
1004.000,19.000,1.000;
1004.000,19.000,1.000;
1004.000,19.000,1.000;
1004.000,19.000,1.000;
1003.000,20.000,1.000;
1003.000,20.000,1.000;
1003.000,20.000,1.000;
1002.000,21.000,1.000;
1002.000,21.000,1.000;
1002.000,21.000,1.000;
1002.000,21.000,1.000;
1001.000,22.000,1.000;
1001.000,22.000,1.000;
1000.000,23.000,1.000;
1000.000,23.000,1.000;
998.000,25.000,1.000;
997.000,26.000,1.000;
995.000,28.000,1.000;
995.000,28.000,1.000;
995.000,28.000,1.000;
994.000,29.000,1.000;
992.000,31.000,1.000;
991.000,31.000,2.000;
991.000,31.000,2.000;
988.000,34.000,2.000;
987.000,35.000,2.000;
986.000,36.000,2.000;
985.000,37.000,2.000;
985.000,36.000,3.000;
983.000,38.000,3.000;
982.000,39.000,3.000;
980.000,41.000,3.000;
979.000,42.000,3.000;
976.000,45.000,3.000;
974.000,46.000,4.000;
971.000,49.000,4.000;
970.000,50.000,4.000;
967.000,52.000,5.000;
966.000,53.000,5.000;
965.000,53.000,6.000;
964.000,54.000,6.000;
960.000,57.000,7.000;
958.000,59.000,7.000;
957.000,59.000,8.000;
953.000,63.000,8.000;
951.000,64.000,9.000;
948.000,65.000,11.000;
945.000,67.000,12.000;
942.000,70.000,12.000;
940.000,71.000,13.000;
937.000,74.000,13.000;
931.000,80.000,13.000;
929.000,81.000,14.000;
924.000,86.000,14.000;
922.000,88.000,14.000;
921.000,89.000,14.000;
920.000,90.000,14.000;
916.000,92.000,16.000;
911.000,96.000,17.000;
909.000,97.000,18.000;
906.000,98.000,20.000;
905.000,99.000,20.000;
903.000,100.000,21.000;
900.000,103.000,21.000;
897.000,106.000,21.000;
893.000,109.000,22.000;
890.000,110.000,24.000;
883.000,117.000,24.000;
876.000,123.000,25.000;
869.000,129.000,26.000;
860.000,137.000,27.000;
856.000,140.000,28.000;
851.000,143.000,30.000;
846.000,147.000,31.000;
839.000,154.000,31.000;
833.000,158.000,33.000;
824.000,167.000,33.000;
813.000,176.000,35.000;
806.000,183.000,35.000;
793.000,196.000,35.000;
787.000,201.000,36.000;
781.000,207.000,36.000;
777.000,210.000,37.000;
773.000,211.000,40.000;
768.000,215.000,41.000;
758.000,223.000,43.000;
750.000,231.000,43.000;
738.000,242.000,44.000;
729.000,250.000,45.000;
721.000,258.000,45.000;
711.000,267.000,46.000;
700.000,275.000,49.000;
691.000,283.000,50.000;
686.000,285.000,53.000;
678.000,291.000,55.000;
665.000,302.000,57.000;
651.000,316.000,57.000;
636.000,328.000,60.000;
630.000,332.000,62.000;
623.000,337.000,64.000;
613.000,347.000,64.000;
595.000,363.000,66.000;
580.000,373.000,71.000;
571.000,378.000,75.000;
561.000,385.000,78.000;
553.000,391.000,80.000;
542.000,398.000,84.000;
532.000,405.000,87.000;
523.000,411.000,90.000;
516.000,417.000,91.000;
507.000,424.000,93.000;
496.000,433.000,95.000;
480.000,443.000,101.000;
474.000,445.000,105.000;
468.000,446.000,110.000;
467.000,446.000,111.000;
458.000,453.000,113.000;
451.000,455.000,118.000;
441.000,463.000,120.000;
436.000,463.000,125.000;
429.000,469.000,126.000;
421.000,473.000,130.000;
410.000,482.000,132.000;
398.000,491.000,135.000;
390.000,497.000,137.000;
384.000,500.000,140.000;
371.000,509.000,144.000;
364.000,508.000,152.000;
357.000,511.000,156.000;
345.000,521.000,158.000;
340.000,520.000,164.000;
332.000,523.000,169.000;
320.000,533.000,171.000;
313.000,535.000,176.000;
306.000,535.000,183.000;
304.000,535.000,185.000;
298.000,534.000,192.000;
286.000,537.000,201.000;
282.000,540.000,202.000;
272.000,547.000,205.000;
266.000,550.000,208.000;
262.000,552.000,210.000;
259.000,554.000,211.000;
251.000,556.000,217.000;
243.000,561.000,220.000;
239.000,563.000,222.000;
232.000,566.000,226.000;
225.000,568.000,231.000;
218.000,572.000,234.000;
215.000,571.000,238.000;
209.000,573.000,242.000;
203.000,576.000,245.000;
196.000,580.000,248.000;
191.000,582.000,251.000;
185.000,586.000,253.000;
183.000,585.000,256.000;
179.000,583.000,262.000;
176.000,582.000,266.000;
174.000,576.000,274.000;
171.000,573.000,280.000;
166.000,572.000,286.000;
160.000,576.000,288.000;
153.000,581.000,290.000;
147.000,585.000,292.000;
146.000,577.000,301.000;
139.000,581.000,304.000;
134.000,583.000,307.000;
133.000,583.000,308.000;
130.000,584.000,310.000;
123.000,584.000,317.000;
117.000,587.000,320.000;
115.000,586.000,323.000;
113.000,583.000,328.000;
110.000,582.000,332.000;
106.000,585.000,333.000;
102.000,586.000,336.000;
97.000,584.000,343.000;
95.000,581.000,348.000;
91.000,581.000,352.000;
91.000,576.000,357.000;
88.000,577.000,359.000;
86.000,576.000,362.000;
83.000,576.000,365.000;
83.000,573.000,368.000;
80.000,569.000,375.000;
80.000,566.000,378.000;
77.000,567.000,380.000;
74.000,566.000,384.000;
71.000,567.000,386.000;
69.000,564.000,391.000;
69.000,563.000,392.000;
63.000,566.000,395.000;
60.000,566.000,398.000;
60.000,564.000,400.000;
60.000,563.000,401.000;
56.000,564.000,404.000;
55.000,562.000,407.000;
53.000,562.000,409.000;
51.000,560.000,413.000;
50.000,558.000,416.000;
48.000,555.000,421.000;
48.000,549.000,427.000;
45.000,546.000,433.000;
44.000,546.000,434.000;
39.000,545.000,440.000;
39.000,542.000,443.000;
39.000,539.000,446.000;
38.000,532.000,454.000;
36.000,532.000,456.000;
34.000,528.000,462.000;
33.000,529.000,462.000;
31.000,528.000,465.000;
30.000,529.000,465.000;
28.000,525.000,471.000;
28.000,522.000,474.000;
28.000,520.000,476.000;
28.000,518.000,478.000;
27.000,515.000,482.000;
27.000,513.000,484.000;
25.000,510.000,489.000;
24.000,505.000,495.000;
24.000,500.000,500.000;
23.000,496.000,505.000;
23.000,492.000,509.000;
23.000,488.000,513.000;
23.000,487.000,514.000;
23.000,485.000,516.000;
22.000,484.000,518.000;
22.000,483.000,519.000;
21.000,482.000,521.000;
21.000,477.000,526.000;
20.000,478.000,526.000;
19.000,476.000,529.000;
17.000,477.000,530.000;
17.000,475.000,532.000;
16.000,472.000,536.000;
16.000,468.000,540.000;
15.000,466.000,543.000;
14.000,460.000,550.000;
14.000,455.000,555.000;
14.000,454.000,556.000;
14.000,452.000,558.000;
14.000,451.000,559.000;
14.000,446.000,564.000;
14.000,442.000,568.000;
14.000,440.000,570.000;
13.000,439.000,572.000;
13.000,435.000,576.000;
13.000,429.000,582.000;
13.000,428.000,583.000;
13.000,427.000,584.000;
12.000,425.000,587.000;
12.000,422.000,590.000;
12.000,418.000,594.000;
11.000,417.000,596.000;
11.000,416.000,597.000;
11.000,409.000,604.000;
11.000,405.000,608.000;
11.000,402.000,611.000;
11.000,396.000,617.000;
11.000,392.000,621.000;
11.000,387.000,626.000;
11.000,383.000,630.000;
10.000,381.000,633.000;
10.000,380.000,634.000;
10.000,379.000,635.000;
10.000,377.000,637.000;
10.000,376.000,638.000;
10.000,373.000,641.000;
10.000,364.000,650.000;
10.000,363.000,651.000;
10.000,359.000,655.000;
10.000,356.000,658.000;
9.000,355.000,660.000;
9.000,354.000,661.000;
9.000,351.000,664.000;
9.000,350.000,665.000;
9.000,349.000,666.000;
9.000,348.000,667.000;
9.000,345.000,670.000;
9.000,343.000,672.000;
9.000,339.000,676.000;
8.000,338.000,678.000;
8.000,335.000,681.000;
8.000,334.000,682.000;
8.000,330.000,686.000;
8.000,326.000,690.000;
