steps = 1000;
dt = 0.1;
replications = 0;
dynamics = [
1023.000,1.000,0.000;
1023.000,1.000,0.000;
1023.000,1.000,0.000;
1023.000,1.000,0.000;
1010.000,14.000,0.000;
986.000,38.000,0.000;
959.000,65.000,0.000;
943.000,81.000,0.000;
932.000,92.000,0.000;
918.000,105.000,1.000;
912.000,111.000,1.000;
901.000,121.000,2.000;
887.000,134.000,3.000;
876.000,143.000,5.000;
868.000,150.000,6.000;
863.000,155.000,6.000;
855.000,162.000,7.000;
846.000,169.000,9.000;
837.000,174.000,13.000;
826.000,184.000,14.000;
817.000,192.000,15.000;
807.000,200.000,17.000;
803.000,203.000,18.000;
792.000,213.000,19.000;
780.000,223.000,21.000;
773.000,229.000,22.000;
761.000,240.000,23.000;
754.000,246.000,24.000;
747.000,252.000,25.000;
742.000,257.000,25.000;
734.000,260.000,30.000;
726.000,267.000,31.000;
716.000,277.000,31.000;
708.000,284.000,32.000;
704.000,284.000,36.000;
699.000,288.000,37.000;
694.000,292.000,38.000;
685.000,300.000,39.000;
676.000,308.000,40.000;
671.000,311.000,42.000;
666.000,313.000,45.000;
661.000,315.000,48.000;
651.000,324.000,49.000;
648.000,327.000,49.000;
641.000,331.000,52.000;
630.000,339.000,55.000;
626.000,342.000,56.000;
618.000,350.000,56.000;
615.000,350.000,59.000;
612.000,351.000,61.000;
601.000,360.000,63.000;
595.000,365.000,64.000;
591.000,364.000,69.000;
586.000,367.000,71.000;
583.000,364.000,77.000;
579.000,368.000,77.000;
576.000,371.000,77.000;
571.000,374.000,79.000;
569.000,375.000,80.000;
569.000,373.000,82.000;
568.000,374.000,82.000;
564.000,375.000,85.000;
562.000,375.000,87.000;
560.000,376.000,88.000;
559.000,375.000,90.000;
556.000,377.000,91.000;
551.000,381.000,92.000;
547.000,382.000,95.000;
546.000,383.000,95.000;
543.000,384.000,97.000;
541.000,383.000,100.000;
537.000,385.000,102.000;
535.000,385.000,104.000;
534.000,386.000,104.000;
531.000,387.000,106.000;
527.000,388.000,109.000;
526.000,386.000,112.000;
523.000,387.000,114.000;
522.000,387.000,115.000;
521.000,385.000,118.000;
519.000,387.000,118.000;
516.000,387.000,121.000;
515.000,386.000,123.000;
513.000,386.000,125.000;
513.000,386.000,125.000;
510.000,388.000,126.000;
506.000,391.000,127.000;
506.000,388.000,130.000;
505.000,383.000,136.000;
503.000,383.000,138.000;
503.000,381.000,140.000;
502.000,378.000,144.000;
502.000,376.000,146.000;
500.000,377.000,147.000;
499.000,375.000,150.000;
496.000,377.000,151.000;
495.000,376.000,153.000;
491.000,379.000,154.000;
490.000,376.000,158.000;
489.000,376.000,159.000;
488.000,374.000,162.000;
487.000,373.000,164.000;
486.000,371.000,167.000;
485.000,366.000,173.000;
483.000,364.000,177.000;
481.000,361.000,182.000;
481.000,359.000,184.000;
478.000,361.000,185.000;
477.000,361.000,186.000;
476.000,360.000,188.000;
476.000,359.000,189.000;
473.000,361.000,190.000;
472.000,359.000,193.000;
472.000,356.000,196.000;
472.000,352.000,200.000;
472.000,351.000,201.000;
472.000,348.000,204.000;
472.000,347.000,205.000;
472.000,343.000,209.000;
471.000,343.000,210.000;
470.000,342.000,212.000;
467.000,343.000,214.000;
466.000,343.000,215.000;
466.000,340.000,218.000;
466.000,337.000,221.000;
466.000,333.000,225.000;
465.000,330.000,229.000;
464.000,329.000,231.000;
463.000,329.000,232.000;
463.000,328.000,233.000;
462.000,326.000,236.000;
462.000,326.000,236.000;
461.000,327.000,236.000;
461.000,325.000,238.000;
461.000,324.000,239.000;
460.000,324.000,240.000;
458.000,325.000,241.000;
458.000,324.000,242.000;
457.000,322.000,245.000;
457.000,316.000,251.000;
457.000,315.000,252.000;
457.000,314.000,253.000;
457.000,312.000,255.000;
457.000,310.000,257.000;
455.000,309.000,260.000;
455.000,305.000,264.000;
455.000,302.000,267.000;
454.000,298.000,272.000;
454.000,295.000,275.000;
453.000,296.000,275.000;
453.000,295.000,276.000;
452.000,294.000,278.000;
451.000,291.000,282.000;
451.000,289.000,284.000;
451.000,289.000,284.000;
451.000,285.000,288.000;
451.000,281.000,292.000;
451.000,281.000,292.000;
451.000,278.000,295.000;
451.000,275.000,298.000;
451.000,274.000,299.000;
451.000,273.000,300.000;
451.000,273.000,300.000;
451.000,272.000,301.000;
451.000,269.000,304.000;
451.000,269.000,304.000;
451.000,265.000,308.000;
451.000,264.000,309.000;
451.000,261.000,312.000;
451.000,257.000,316.000;
451.000,253.000,320.000;
451.000,253.000,320.000;
451.000,251.000,322.000;
451.000,246.000,327.000;
451.000,244.000,329.000;
451.000,243.000,330.000;
451.000,241.000,332.000;
451.000,241.000,332.000;
451.000,238.000,335.000;
451.000,238.000,335.000;
451.000,236.000,337.000;
451.000,234.000,339.000;
451.000,232.000,341.000;
451.000,232.000,341.000;
451.000,231.000,342.000;
451.000,228.000,345.000;
451.000,227.000,346.000;
451.000,226.000,347.000;
451.000,226.000,347.000;
451.000,225.000,348.000;
451.000,225.000,348.000;
451.000,225.000,348.000;
451.000,222.000,351.000;
451.000,221.000,352.000;
451.000,221.000,352.000;
451.000,217.000,356.000;
451.000,217.000,356.000;
451.000,217.000,356.000;
451.000,216.000,357.000;
451.000,213.000,360.000;
451.000,213.000,360.000;
451.000,212.000,361.000;
451.000,208.000,365.000;
451.000,207.000,366.000;
451.000,204.000,369.000;
451.000,201.000,372.000;
451.000,199.000,374.000;
451.000,196.000,377.000;
451.000,195.000,378.000;
451.000,194.000,379.000;
451.000,194.000,379.000;
451.000,193.000,380.000;
451.000,193.000,380.000;
451.000,192.000,381.000;
451.000,192.000,381.000;
451.000,191.000,382.000;
451.000,190.000,383.000;
451.000,190.000,383.000;
451.000,188.000,385.000;
451.000,188.000,385.000;
451.000,186.000,387.000;
451.000,186.000,387.000;
451.000,185.000,388.000;
451.000,185.000,388.000;
451.000,183.000,390.000;
451.000,180.000,393.000;
451.000,180.000,393.000;
451.000,179.000,394.000;
451.000,179.000,394.000;
451.000,178.000,395.000;
451.000,176.000,397.000;
451.000,176.000,397.000;
451.000,175.000,398.000;
451.000,175.000,398.000;
451.000,173.000,400.000;
451.000,170.000,403.000;
451.000,169.000,404.000;
451.000,169.000,404.000;
451.000,169.000,404.000;
451.000,168.000,405.000;
451.000,168.000,405.000;
451.000,168.000,405.000;
451.000,168.000,405.000;
451.000,168.000,405.000;
451.000,168.000,405.000;
451.000,164.000,409.000;
451.000,161.000,412.000;
451.000,160.000,413.000;
451.000,160.000,413.000;
451.000,159.000,414.000;
451.000,156.000,417.000;
451.000,155.000,418.000;
451.000,155.000,418.000;
451.000,155.000,418.000;
451.000,155.000,418.000;
451.000,154.000,419.000;
451.000,152.000,421.000;
451.000,151.000,422.000;
451.000,151.000,422.000;
451.000,149.000,424.000;
451.000,146.000,427.000;
451.000,146.000,427.000;
451.000,145.000,428.000;
451.000,143.000,430.000;
451.000,141.000,432.000;
451.000,139.000,434.000;
451.000,139.000,434.000;
451.000,138.000,435.000;
451.000,138.000,435.000;
451.000,138.000,435.000;
451.000,138.000,435.000;
451.000,137.000,436.000;
451.000,132.000,441.000;
451.000,129.000,444.000;
451.000,129.000,444.000;
451.000,126.000,447.000;
451.000,126.000,447.000;
451.000,125.000,448.000;
451.000,123.000,450.000;
451.000,121.000,452.000;
451.000,121.000,452.000;
451.000,119.000,454.000;
451.000,118.000,455.000;
451.000,116.000,457.000;
451.000,116.000,457.000;
451.000,116.000,457.000;
451.000,114.000,459.000;
451.000,111.000,462.000;
451.000,111.000,462.000;
451.000,110.000,463.000;
451.000,110.000,463.000;
451.000,109.000,464.000;
451.000,108.000,465.000;
451.000,108.000,465.000;
451.000,108.000,465.000;
451.000,106.000,467.000;
451.000,104.000,469.000;
451.000,103.000,470.000;
451.000,102.000,471.000;
451.000,102.000,471.000;
451.000,102.000,471.000;
451.000,101.000,472.000;
451.000,100.000,473.000;
451.000,100.000,473.000;
451.000,99.000,474.000;
451.000,98.000,475.000;
451.000,97.000,476.000;
451.000,97.000,476.000;
451.000,96.000,477.000;
451.000,96.000,477.000;
451.000,94.000,479.000;
451.000,93.000,480.000;
451.000,93.000,480.000;
451.000,91.000,482.000;
451.000,91.000,482.000;
451.000,91.000,482.000;
451.000,91.000,482.000;
451.000,89.000,484.000;
451.000,87.000,486.000;
451.000,87.000,486.000;
451.000,86.000,487.000;
451.000,84.000,489.000;
