steps = 1000;
dt = 0.1;
replications = 4;
dynamics = [
1023.000,1.000,0.000;
1023.000,1.000,0.000;
1023.000,1.000,0.000;
1023.000,1.000,0.000;
1023.000,1.000,0.000;
1023.000,1.000,0.000;
1023.000,1.000,0.000;
1022.750,1.250,0.000;
1022.750,1.250,0.000;
1022.750,1.250,0.000;
1022.750,1.250,0.000;
1022.750,1.250,0.000;
1022.750,1.250,0.000;
1022.750,1.250,0.000;
1022.750,1.250,0.000;
1022.750,1.250,0.000;
1022.750,1.250,0.000;
1022.750,1.250,0.000;
1022.750,1.250,0.000;
1022.750,1.250,0.000;
1022.750,1.250,0.000;
1022.750,1.250,0.000;
1022.750,1.250,0.000;
1022.750,1.250,0.000;
1022.750,1.250,0.000;
1022.750,1.250,0.000;
1022.750,1.250,0.000;
1022.750,1.250,0.000;
1022.750,1.250,0.000;
1022.750,1.250,0.000;
1022.750,1.250,0.000;
1022.500,1.500,0.000;
1022.500,1.500,0.000;
1022.500,1.500,0.000;
1022.500,1.500,0.000;
1022.250,1.750,0.000;
1022.250,1.750,0.000;
1022.250,1.750,0.000;
1022.000,2.000,0.000;
1022.000,2.000,0.000;
1022.000,1.750,0.250;
1021.750,2.000,0.250;
1021.750,2.000,0.250;
1021.750,2.000,0.250;
1021.750,2.000,0.250;
1021.750,1.750,0.500;
1021.750,1.750,0.500;
1021.750,1.750,0.500;
1021.750,1.750,0.500;
1021.750,1.750,0.500;
1021.750,1.750,0.500;
1021.500,2.000,0.500;
1021.250,2.250,0.500;
1021.250,2.250,0.500;
1020.750,2.750,0.500;
1020.750,2.750,0.500;
1020.750,2.750,0.500;
1020.500,3.000,0.500;
1020.250,3.250,0.500;
1020.250,3.250,0.500;
1020.250,3.250,0.500;
1020.250,3.250,0.500;
1020.250,3.250,0.500;
1020.250,3.250,0.500;
1019.500,4.000,0.500;
1019.500,4.000,0.500;
1019.250,4.250,0.500;
1019.000,4.500,0.500;
1019.000,4.500,0.500;
1018.750,4.750,0.500;
1018.500,5.000,0.500;
1017.750,5.750,0.500;
1017.500,6.000,0.500;
1017.250,6.000,0.750;
1017.250,6.000,0.750;
1017.000,6.250,0.750;
1016.750,6.500,0.750;
1016.000,7.250,0.750;
1016.000,7.250,0.750;
1015.250,8.000,0.750;
1014.750,8.500,0.750;
1014.250,9.000,0.750;
1012.750,10.250,1.000;
1012.000,10.750,1.250;
1011.750,11.000,1.250;
1011.500,11.250,1.250;
1011.250,11.500,1.250;
1010.000,12.750,1.250;
1009.750,13.000,1.250;
1009.000,13.750,1.250;
1008.750,14.000,1.250;
1007.000,15.750,1.250;
1006.250,16.500,1.250;
1006.000,16.500,1.500;
1006.000,16.500,1.500;
1005.500,17.000,1.500;
1004.500,17.750,1.750;
1003.000,19.250,1.750;
1001.500,20.500,2.000;
1000.750,21.250,2.000;
999.250,22.250,2.500;
999.000,22.500,2.500;
997.500,23.500,3.000;
995.750,25.250,3.000;
994.000,26.750,3.250;
993.250,27.500,3.250;
991.750,29.000,3.250;
989.750,30.250,4.000;
989.000,30.750,4.250;
986.500,33.250,4.250;
984.000,35.750,4.250;
982.500,37.000,4.500;
980.750,38.250,5.000;
978.500,39.500,6.000;
977.000,40.750,6.250;
976.000,41.750,6.250;
974.250,43.250,6.500;
971.000,46.500,6.500;
969.000,47.750,7.250;
968.000,48.000,8.000;
966.750,49.250,8.000;
965.250,50.750,8.000;
962.500,52.750,8.750;
958.250,56.500,9.250;
955.250,59.250,9.500;
952.000,62.000,10.000;
950.000,64.000,10.000;
949.000,65.000,10.000;
946.500,67.000,10.500;
943.500,69.500,11.000;
941.500,71.500,11.000;
939.500,72.750,11.750;
935.500,76.250,12.250;
931.750,79.500,12.750;
928.750,81.750,13.500;
926.000,84.250,13.750;
923.250,86.250,14.500;
919.500,89.500,15.000;
917.750,90.250,16.000;
914.250,93.000,16.750;
911.250,95.750,17.000;
905.500,101.500,17.000;
902.500,103.500,18.000;
896.000,109.000,19.000;
890.500,114.250,19.250;
888.250,115.750,20.000;
880.000,122.500,21.500;
874.250,127.750,22.000;
870.500,130.750,22.750;
867.250,133.000,23.750;
861.250,138.250,24.500;
858.750,139.750,25.500;
854.750,141.750,27.500;
850.500,145.250,28.250;
845.750,149.500,28.750;
840.000,153.750,30.250;
835.750,157.750,30.500;
829.750,163.000,31.250;
824.000,168.250,31.750;
819.250,172.250,32.500;
814.000,177.500,32.500;
809.250,180.000,34.750;
805.250,182.750,36.000;
799.250,187.000,37.750;
793.750,190.750,39.500;
787.750,195.750,40.500;
783.000,199.000,42.000;
778.000,203.250,42.750;
773.750,205.000,45.250;
767.500,209.250,47.250;
762.000,214.250,47.750;
757.250,217.500,49.250;
753.000,219.750,51.250;
747.750,223.000,53.250;
739.250,230.000,54.750;
734.000,234.250,55.750;
727.750,238.500,57.750;
720.500,244.250,59.250;
715.000,248.500,60.500;
708.500,253.500,62.000;
700.500,260.000,63.500;
693.750,266.500,63.750;
688.500,269.750,65.750;
680.250,276.000,67.750;
673.250,280.500,70.250;
667.500,284.750,71.750;
662.250,287.500,74.250;
655.250,292.500,76.250;
645.250,301.000,77.750;
641.000,303.500,79.500;
632.500,311.250,80.250;
626.000,314.750,83.250;
619.000,318.500,86.500;
612.000,323.500,88.500;
606.500,326.750,90.750;
597.750,334.000,92.250;
590.000,339.750,94.250;
583.750,345.500,94.750;
574.500,352.500,97.000;
568.500,356.750,98.750;
560.750,362.000,101.250;
553.250,366.500,104.250;
546.000,371.250,106.750;
536.500,379.000,108.500;
527.250,386.250,110.500;
519.000,391.250,113.750;
511.250,395.750,117.000;
503.750,400.750,119.500;
496.500,405.000,122.500;
487.750,410.500,125.750;
481.500,412.500,130.000;
473.250,418.500,132.250;
467.250,421.000,135.750;
460.250,424.750,139.000;
454.000,427.500,142.500;
445.500,432.500,146.000;
440.250,435.750,148.000;
432.250,441.750,150.000;
426.000,443.500,154.500;
416.500,450.250,157.250;
408.750,453.000,162.250;
402.000,457.750,164.250;
395.500,461.750,166.750;
387.250,467.750,169.000;
381.000,471.250,171.750;
373.750,476.000,174.250;
366.500,480.750,176.750;
358.250,486.500,179.250;
350.500,492.500,181.000;
342.500,498.250,183.250;
333.500,503.750,186.750;
326.250,506.750,191.000;
316.500,512.750,194.750;
308.750,517.750,197.500;
301.500,521.250,201.250;
297.250,521.750,205.000;
291.000,526.250,206.750;
285.000,529.250,209.750;
279.250,533.500,211.250;
272.500,537.500,214.000;
267.750,539.000,217.250;
260.500,543.000,220.500;
254.500,546.750,222.750;
247.000,551.500,225.500;
239.250,556.000,228.750;
232.500,558.500,233.000;
225.000,563.250,235.750;
219.750,564.000,240.250;
213.000,566.500,244.500;
209.500,566.500,248.000;
204.000,568.000,252.000;
198.000,570.000,256.000;
191.500,572.750,259.750;
187.500,573.500,263.000;
181.000,576.750,266.250;
174.250,578.500,271.250;
169.250,579.250,275.500;
165.750,577.750,280.500;
161.250,576.750,286.000;
154.750,580.000,289.250;
151.500,580.750,291.750;
145.000,584.000,295.000;
142.250,585.000,296.750;
139.250,584.250,300.500;
135.000,584.500,304.500;
132.000,582.500,309.500;
128.250,581.250,314.500;
124.500,579.000,320.500;
121.000,579.250,323.750;
118.250,577.250,328.500;
115.500,578.250,330.250;
112.500,575.750,335.750;
108.750,574.750,340.500;
105.750,574.000,344.250;
103.750,572.250,348.000;
101.000,571.500,351.500;
98.500,570.750,354.750;
95.250,571.000,357.750;
93.000,567.250,363.750;
90.000,566.250,367.750;
88.250,563.250,372.500;
85.500,563.000,375.500;
83.500,560.500,380.000;
81.750,558.000,384.250;
78.750,555.250,390.000;
77.500,553.000,393.500;
75.000,552.500,396.500;
73.500,551.000,399.500;
70.250,551.500,402.250;
67.500,551.000,405.500;
66.500,548.750,408.750;
64.750,545.500,413.750;
62.500,544.250,417.250;
60.500,542.750,420.750;
59.000,541.500,423.500;
58.500,539.250,426.250;
56.750,537.750,429.500;
55.250,535.500,433.250;
54.500,533.000,436.500;
52.250,529.500,442.250;
50.500,527.250,446.250;
49.000,524.750,450.250;
47.250,523.250,453.500;
45.750,522.250,456.000;
44.750,519.750,459.500;
44.500,517.750,461.750;
43.750,514.750,465.500;
42.000,513.250,468.750;
40.250,513.750,470.000;
38.750,511.750,473.500;
38.750,509.750,475.500;
38.250,506.000,479.750;
38.000,502.500,483.500;
37.000,500.500,486.500;
35.250,498.500,490.250;
33.750,496.500,493.750;
33.000,493.750,497.250;
32.250,491.250,500.500;
32.000,487.750,504.250;
30.750,485.750,507.500;
30.250,484.000,509.750;
29.750,480.500,513.750;
28.250,477.750,518.000;
28.000,475.000,521.000;
27.000,472.000,525.000;
26.500,468.500,529.000;
26.250,465.250,532.500;
25.750,463.500,534.750;
24.750,461.250,538.000;
24.250,459.500,540.250;
23.750,457.750,542.500;
23.000,456.250,544.750;
23.000,453.000,548.000;
21.750,451.500,550.750;
21.000,448.000,555.000;
21.000,446.250,556.750;
20.750,442.750,560.500;
20.500,440.250,563.250;
