steps = 4000;
dt = 0.1;
replications = 0;
dynamics = [
1023.000,1.000,0.000;
1023.000,1.000,0.000;
1023.000,1.000,0.000;
1023.000,1.000,0.000;
1023.000,1.000,0.000;
1023.000,1.000,0.000;
1023.000,1.000,0.000;
1023.000,1.000,0.000;
1023.000,1.000,0.000;
1023.000,1.000,0.000;
1023.000,1.000,0.000;
1023.000,1.000,0.000;
1023.000,1.000,0.000;
1023.000,1.000,0.000;
1023.000,1.000,0.000;
1023.000,1.000,0.000;
1023.000,1.000,0.000;
1023.000,1.000,0.000;
1023.000,1.000,0.000;
1023.000,1.000,0.000;
1023.000,1.000,0.000;
1023.000,1.000,0.000;
1022.000,2.000,0.000;
1022.000,2.000,0.000;
1022.000,2.000,0.000;
1022.000,2.000,0.000;
1022.000,2.000,0.000;
1022.000,2.000,0.000;
1022.000,2.000,0.000;
1022.000,2.000,0.000;
1022.000,2.000,0.000;
1021.000,3.000,0.000;
1021.000,3.000,0.000;
1021.000,3.000,0.000;
1021.000,3.000,0.000;
1021.000,3.000,0.000;
1021.000,3.000,0.000;
1021.000,3.000,0.000;
1021.000,3.000,0.000;
1021.000,3.000,0.000;
1021.000,3.000,0.000;
1021.000,3.000,0.000;
1021.000,3.000,0.000;
1021.000,3.000,0.000;
1021.000,3.000,0.000;
1021.000,3.000,0.000;
1021.000,3.000,0.000;
1021.000,3.000,0.000;
1021.000,3.000,0.000;
1021.000,3.000,0.000;
1021.000,3.000,0.000;
1021.000,3.000,0.000;
1021.000,3.000,0.000;
1021.000,3.000,0.000;
1021.000,3.000,0.000;
1021.000,3.000,0.000;
1021.000,3.000,0.000;
1021.000,3.000,0.000;
1021.000,3.000,0.000;
1021.000,3.000,0.000;
1021.000,3.000,0.000;
1021.000,3.000,0.000;
1021.000,3.000,0.000;
1021.000,3.000,0.000;
1021.000,3.000,0.000;
1021.000,3.000,0.000;
1021.000,3.000,0.000;
1021.000,3.000,0.000;
1021.000,3.000,0.000;
1021.000,3.000,0.000;
1021.000,3.000,0.000;
1021.000,3.000,0.000;
1021.000,3.000,0.000;
1021.000,3.000,0.000;
1021.000,3.000,0.000;
1021.000,3.000,0.000;
1021.000,3.000,0.000;
1021.000,3.000,0.000;
1021.000,3.000,0.000;
1021.000,3.000,0.000;
1021.000,3.000,0.000;
1021.000,3.000,0.000;
1021.000,3.000,0.000;
1021.000,3.000,0.000;
1021.000,3.000,0.000;
1021.000,3.000,0.000;
1021.000,3.000,0.000;
1021.000,3.000,0.000;
1021.000,3.000,0.000;
1021.000,3.000,0.000;
1021.000,3.000,0.000;
1021.000,3.000,0.000;
1021.000,3.000,0.000;
1021.000,3.000,0.000;
1021.000,3.000,0.000;
1020.000,4.000,0.000;
1020.000,4.000,0.000;
1020.000,4.000,0.000;
1020.000,4.000,0.000;
1020.000,4.000,0.000;
1020.000,3.000,1.000;
1020.000,3.000,1.000;
1020.000,3.000,1.000;
1020.000,3.000,1.000;
1020.000,3.000,1.000;
1020.000,3.000,1.000;
1020.000,3.000,1.000;
1020.000,3.000,1.000;
1020.000,3.000,1.000;
1020.000,3.000,1.000;
1020.000,3.000,1.000;
1020.000,3.000,1.000;
1019.000,4.000,1.000;
1019.000,4.000,1.000;
1019.000,4.000,1.000;
1019.000,4.000,1.000;
1019.000,4.000,1.000;
1019.000,4.000,1.000;
1018.000,5.000,1.000;
1018.000,5.000,1.000;
1018.000,5.000,1.000;
1018.000,5.000,1.000;
1018.000,5.000,1.000;
1018.000,5.000,1.000;
1018.000,5.000,1.000;
1018.000,5.000,1.000;
1018.000,5.000,1.000;
1017.000,6.000,1.000;
1017.000,6.000,1.000;
1016.000,7.000,1.000;
1016.000,7.000,1.000;
1016.000,7.000,1.000;
1016.000,7.000,1.000;
1016.000,7.000,1.000;
1016.000,7.000,1.000;
1016.000,7.000,1.000;
1016.000,7.000,1.000;
1016.000,7.000,1.000;
1016.000,6.000,2.000;
1016.000,6.000,2.000;
1015.000,7.000,2.000;
1015.000,7.000,2.000;
1014.000,8.000,2.000;
1014.000,8.000,2.000;
1014.000,8.000,2.000;
1014.000,8.000,2.000;
1013.000,9.000,2.000;
1013.000,9.000,2.000;
1013.000,9.000,2.000;
1013.000,9.000,2.000;
1013.000,9.000,2.000;
1013.000,9.000,2.000;
1013.000,8.000,3.000;
1013.000,8.000,3.000;
1013.000,8.000,3.000;
1013.000,8.000,3.000;
1012.000,9.000,3.000;
1012.000,9.000,3.000;
1012.000,9.000,3.000;
1012.000,9.000,3.000;
1012.000,9.000,3.000;
1012.000,9.000,3.000;
1012.000,9.000,3.000;
1011.000,10.000,3.000;
1011.000,10.000,3.000;
1011.000,9.000,4.000;
1011.000,9.000,4.000;
1010.000,10.000,4.000;
1010.000,10.000,4.000;
1010.000,10.000,4.000;
1010.000,10.000,4.000;
1010.000,10.000,4.000;
1010.000,10.000,4.000;
1009.000,11.000,4.000;
1009.000,9.000,6.000;
1008.000,10.000,6.000;
1008.000,10.000,6.000;
1007.000,11.000,6.000;
1007.000,11.000,6.000;
1006.000,12.000,6.000;
1006.000,12.000,6.000;
1006.000,11.000,7.000;
1006.000,11.000,7.000;
1006.000,10.000,8.000;
1006.000,10.000,8.000;
1006.000,10.000,8.000;
1006.000,10.000,8.000;
1006.000,10.000,8.000;
1006.000,10.000,8.000;
1006.000,10.000,8.000;
1006.000,10.000,8.000;
1006.000,10.000,8.000;
1006.000,10.000,8.000;
1006.000,10.000,8.000;
1006.000,10.000,8.000;
1006.000,10.000,8.000;
1006.000,10.000,8.000;
1006.000,10.000,8.000;
1006.000,10.000,8.000;
1006.000,10.000,8.000;
1006.000,9.000,9.000;
1005.000,10.000,9.000;
1005.000,10.000,9.000;
1005.000,10.000,9.000;
1005.000,10.000,9.000;
1005.000,10.000,9.000;
1005.000,10.000,9.000;
1005.000,10.000,9.000;
1005.000,10.000,9.000;
1005.000,10.000,9.000;
1005.000,10.000,9.000;
1005.000,10.000,9.000;
1005.000,10.000,9.000;
1005.000,10.000,9.000;
1004.000,11.000,9.000;
1004.000,11.000,9.000;
1004.000,11.000,9.000;
1004.000,11.000,9.000;
1004.000,11.000,9.000;
1004.000,11.000,9.000;
1004.000,11.000,9.000;
1004.000,11.000,9.000;
1004.000,11.000,9.000;
1004.000,11.000,9.000;
1003.000,11.000,10.000;
1003.000,11.000,10.000;
1003.000,11.000,10.000;
1003.000,11.000,10.000;
1003.000,11.000,10.000;
1003.000,11.000,10.000;
1003.000,11.000,10.000;
1003.000,11.000,10.000;
1003.000,11.000,10.000;
1003.000,11.000,10.000;
1003.000,11.000,10.000;
1003.000,11.000,10.000;
1002.000,12.000,10.000;
1002.000,12.000,10.000;
1002.000,12.000,10.000;
1001.000,13.000,10.000;
1001.000,13.000,10.000;
1001.000,13.000,10.000;
1001.000,13.000,10.000;
1001.000,13.000,10.000;
1001.000,13.000,10.000;
1001.000,13.000,10.000;
1001.000,13.000,10.000;
1001.000,13.000,10.000;
1001.000,13.000,10.000;
1001.000,13.000,10.000;
1001.000,13.000,10.000;
1001.000,13.000,10.000;
1001.000,13.000,10.000;
1001.000,13.000,10.000;
1001.000,13.000,10.000;
1001.000,13.000,10.000;
1001.000,13.000,10.000;
1001.000,13.000,10.000;
1001.000,13.000,10.000;
1001.000,13.000,10.000;
1001.000,13.000,10.000;
1001.000,13.000,10.000;
1000.000,14.000,10.000;
1000.000,14.000,10.000;
1000.000,14.000,10.000;
1000.000,14.000,10.000;
999.000,15.000,10.000;
998.000,16.000,10.000;
998.000,16.000,10.000;
998.000,16.000,10.000;
998.000,16.000,10.000;
998.000,16.000,10.000;
998.000,16.000,10.000;
998.000,16.000,10.000;
998.000,16.000,10.000;
998.000,16.000,10.000;
998.000,16.000,10.000;
998.000,15.000,11.000;
998.000,15.000,11.000;
998.000,15.000,11.000;
998.000,15.000,11.000;
998.000,15.000,11.000;
998.000,15.000,11.000;
998.000,14.000,12.000;
998.000,14.000,12.000;
998.000,14.000,12.000;
998.000,14.000,12.000;
998.000,14.000,12.000;
998.000,14.000,12.000;
998.000,14.000,12.000;
998.000,14.000,12.000;
998.000,14.000,12.000;
998.000,14.000,12.000;
998.000,14.000,12.000;
998.000,14.000,12.000;
998.000,12.000,14.000;
998.000,12.000,14.000;
998.000,12.000,14.000;
998.000,12.000,14.000;
998.000,12.000,14.000;
998.000,12.000,14.000;
998.000,12.000,14.000;
998.000,12.000,14.000;
998.000,12.000,14.000;
998.000,12.000,14.000;
998.000,12.000,14.000;
998.000,12.000,14.000;
998.000,12.000,14.000;
997.000,13.000,14.000;
997.000,13.000,14.000;
997.000,13.000,14.000;
997.000,13.000,14.000;
997.000,13.000,14.000;
997.000,13.000,14.000;
997.000,13.000,14.000;
997.000,13.000,14.000;
997.000,13.000,14.000;
997.000,13.000,14.000;
997.000,12.000,15.000;
997.000,12.000,15.000;
997.000,12.000,15.000;
997.000,12.000,15.000;
997.000,12.000,15.000;
997.000,12.000,15.000;
997.000,12.000,15.000;
997.000,12.000,15.000;
997.000,12.000,15.000;
997.000,12.000,15.000;
997.000,12.000,15.000;
997.000,12.000,15.000;
997.000,12.000,15.000;
997.000,12.000,15.000;
996.000,13.000,15.000;
996.000,13.000,15.000;
996.000,13.000,15.000;
996.000,13.000,15.000;
996.000,13.000,15.000;
996.000,13.000,15.000;
996.000,13.000,15.000;
996.000,12.000,16.000;
996.000,12.000,16.000;
996.000,10.000,18.000;
996.000,10.000,18.000;
996.000,10.000,18.000;
996.000,10.000,18.000;
996.000,10.000,18.000;
996.000,10.000,18.000;
995.000,11.000,18.000;
995.000,11.000,18.000;
995.000,11.000,18.000;
