steps = 1000;
dt = 0.1;
replications = 0;
dynamics = [
1023.000,1.000,0.000;
1023.000,1.000,0.000;
1023.000,1.000,0.000;
1023.000,1.000,0.000;
1022.965,1.028,0.007;
1022.930,1.057,0.013;
1022.895,1.085,0.020;
1022.859,1.114,0.027;
1022.822,1.144,0.034;
1022.784,1.175,0.041;
1022.745,1.206,0.049;
1022.705,1.238,0.056;
1022.664,1.272,0.064;
1022.622,1.306,0.072;
1022.579,1.341,0.080;
1022.534,1.377,0.089;
1022.489,1.414,0.097;
1022.442,1.452,0.106;
1022.394,1.491,0.116;
1022.344,1.531,0.125;
1022.294,1.572,0.135;
1022.242,1.614,0.145;
1022.188,1.657,0.155;
1022.133,1.702,0.165;
1022.077,1.747,0.176;
1022.019,1.794,0.187;
1021.959,1.842,0.198;
1021.898,1.892,0.210;
1021.836,1.942,0.222;
1021.771,1.994,0.234;
1021.705,2.048,0.247;
1021.637,2.103,0.260;
1021.568,2.159,0.273;
1021.496,2.217,0.287;
1021.423,2.276,0.301;
1021.347,2.337,0.315;
1021.270,2.400,0.330;
1021.191,2.464,0.345;
1021.109,2.530,0.361;
1021.025,2.598,0.377;
1020.939,2.668,0.393;
1020.851,2.739,0.410;
1020.760,2.812,0.427;
1020.667,2.888,0.445;
1020.572,2.965,0.463;
1020.473,3.044,0.482;
1020.373,3.126,0.501;
1020.269,3.209,0.521;
1020.163,3.295,0.542;
1020.054,3.384,0.562;
1019.942,3.474,0.584;
1019.827,3.567,0.606;
1019.709,3.662,0.628;
1019.588,3.760,0.651;
1019.464,3.861,0.675;
1019.336,3.964,0.700;
1019.205,4.070,0.725;
1019.071,4.179,0.750;
1018.933,4.291,0.777;
1018.791,4.405,0.804;
1018.645,4.523,0.832;
1018.496,4.644,0.860;
1018.342,4.768,0.890;
1018.185,4.895,0.920;
1018.023,5.026,0.951;
1017.857,5.160,0.983;
1017.687,5.298,1.015;
1017.512,5.439,1.049;
1017.333,5.584,1.083;
1017.148,5.733,1.119;
1016.959,5.886,1.155;
1016.765,6.043,1.192;
1016.566,6.204,1.230;
1016.361,6.369,1.270;
1016.151,6.539,1.310;
1015.935,6.713,1.351;
1015.714,6.892,1.394;
1015.487,7.076,1.437;
1015.254,7.264,1.482;
1015.015,7.457,1.528;
1014.769,7.656,1.575;
1014.517,7.859,1.624;
1014.258,8.068,1.673;
1013.993,8.283,1.724;
1013.720,8.503,1.777;
1013.441,8.729,1.831;
1013.153,8.961,1.886;
1012.859,9.199,1.942;
1012.556,9.443,2.001;
1012.246,9.693,2.060;
1011.928,9.951,2.122;
1011.601,10.214,2.185;
1011.266,10.485,2.249;
1010.921,10.763,2.316;
1010.568,11.048,2.384;
1010.206,11.341,2.454;
1009.834,11.641,2.525;
1009.452,11.949,2.599;
1009.061,12.265,2.675;
1008.659,12.589,2.752;
1008.247,12.921,2.832;
1007.824,13.263,2.914;
1007.390,13.613,2.998;
1006.944,13.972,3.084;
1006.487,14.340,3.172;
1006.019,14.718,3.263;
1005.538,15.106,3.356;
1005.045,15.504,3.452;
1004.538,15.912,3.550;
1004.019,16.330,3.650;
1003.487,16.760,3.754;
1002.940,17.200,3.860;
1002.380,17.651,3.969;
1001.805,18.114,4.080;
1001.216,18.589,4.195;
1000.611,19.076,4.313;
999.990,19.576,4.434;
999.354,20.088,4.558;
998.702,20.613,4.685;
998.033,21.152,4.815;
997.347,21.704,4.949;
996.643,22.270,5.087;
995.921,22.851,5.228;
995.182,23.446,5.372;
994.423,24.056,5.521;
993.645,24.682,5.673;
992.848,25.323,5.829;
992.030,25.980,5.990;
991.192,26.654,6.154;
990.332,27.345,6.323;
989.451,28.052,6.496;
988.548,28.778,6.674;
987.623,29.521,6.856;
986.674,30.283,7.043;
985.702,31.063,7.235;
984.705,31.863,7.432;
983.684,32.682,7.634;
982.637,33.522,7.841;
981.565,34.382,8.053;
980.466,35.263,8.271;
979.340,36.165,8.495;
978.187,37.089,8.724;
977.005,38.036,8.959;
975.795,39.005,9.200;
974.554,39.998,9.447;
973.284,41.015,9.701;
971.983,42.056,9.961;
970.651,43.121,10.228;
969.287,44.212,10.501;
967.889,45.329,10.781;
966.459,46.472,11.069;
964.994,47.642,11.364;
963.495,48.840,11.666;
961.959,50.065,11.976;
960.388,51.319,12.293;
958.780,52.601,12.619;
957.134,53.914,12.953;
955.449,55.256,13.295;
953.725,56.629,13.645;
951.961,58.034,14.005;
950.157,59.470,14.373;
948.311,60.938,14.751;
946.423,62.440,15.138;
944.491,63.975,15.534;
942.516,65.544,15.940;
940.496,67.147,16.357;
938.431,68.786,16.783;
936.319,70.460,17.220;
934.161,72.171,17.668;
931.955,73.919,18.126;
929.700,75.704,18.596;
927.395,77.527,19.077;
925.041,79.389,19.570;
922.635,81.290,20.075;
920.178,83.231,20.592;
917.668,85.212,21.121;
915.104,87.233,21.663;
912.486,89.296,22.218;
909.814,91.401,22.786;
907.085,93.548,23.367;
904.300,95.737,23.963;
901.458,97.970,24.572;
898.557,100.247,25.196;
895.598,102.568,25.834;
892.580,104.933,26.487;
889.501,107.344,27.155;
886.361,109.800,27.839;
883.160,112.302,28.539;
879.896,114.850,29.254;
876.570,117.444,29.986;
873.180,120.085,30.735;
869.726,122.774,31.501;
866.207,125.509,32.284;
862.623,128.293,33.084;
858.973,131.124,33.903;
855.258,134.003,34.739;
851.475,136.931,35.595;
847.625,139.906,36.469;
843.708,142.930,37.362;
839.723,146.002,38.275;
835.670,149.123,39.208;
831.548,152.292,40.161;
827.357,155.509,41.134;
823.098,158.774,42.128;
818.769,162.087,43.143;
814.372,165.448,44.180;
809.905,168.856,45.239;
805.369,172.312,46.319;
800.764,175.814,47.422;
796.089,179.363,48.548;
791.346,182.957,49.697;
786.534,186.597,50.869;
781.654,190.282,52.064;
776.705,194.011,53.284;
771.689,197.783,54.528;
766.605,201.598,55.797;
761.454,205.456,57.090;
756.238,209.354,58.409;
750.955,213.292,59.753;
745.608,217.270,61.122;
740.197,221.285,62.518;
734.722,225.338,63.940;
729.185,229.427,65.388;
723.587,233.550,66.864;
717.928,237.706,68.366;
712.210,241.895,69.895;
706.434,246.114,71.452;
700.601,250.362,73.037;
694.712,254.638,74.650;
688.769,258.940,76.291;
682.774,263.266,77.960;
676.728,267.615,79.657;
670.632,271.985,81.383;
664.488,276.373,83.139;
658.298,280.779,84.923;
652.064,285.201,86.736;
645.787,289.635,88.578;
639.469,294.081,90.450;
633.113,298.536,92.352;
626.720,302.998,94.282;
620.292,307.465,96.243;
613.832,311.935,98.233;
607.341,316.406,100.253;
600.822,320.875,102.303;
594.278,325.340,104.383;
587.710,329.798,106.492;
581.120,334.249,108.631;
574.512,338.688,110.800;
567.887,343.114,112.999;
561.248,347.525,115.227;
554.597,351.918,117.485;
547.937,356.290,119.772;
541.271,360.640,122.089;
534.600,364.965,124.435;
527.927,369.262,126.811;
521.255,373.530,129.215;
514.586,377.766,131.648;
507.923,381.967,134.110;
501.268,386.132,136.600;
494.624,390.258,139.118;
487.993,394.343,141.665;
481.377,398.384,144.239;
474.779,402.380,146.841;
468.202,406.328,149.470;
461.647,410.227,152.126;
455.117,414.075,154.808;
448.615,417.868,157.517;
442.142,421.606,160.252;
435.701,425.287,163.012;
429.293,428.909,165.798;
422.922,432.469,168.609;
416.588,435.968,171.444;
410.295,439.402,174.303;
404.044,442.770,177.187;
397.836,446.071,180.093;
391.674,449.304,183.022;
385.559,452.467,185.974;
379.493,455.559,188.948;
373.478,458.578,191.943;
367.516,461.524,194.960;
361.607,464.396,197.997;
355.753,467.193,201.054;
349.955,469.914,204.131;
344.216,472.558,207.227;
338.535,475.124,210.341;
332.914,477.612,213.474;
327.354,480.021,216.625;
321.857,482.351,219.792;
316.422,484.602,222.976;
311.051,486.773,226.176;
305.745,488.863,229.392;
300.504,490.874,232.623;
295.328,492.804,235.868;
290.220,494.653,239.127;
285.178,496.423,242.399;
280.203,498.112,245.685;
275.297,499.721,248.982;
270.458,501.250,252.292;
265.687,502.700,255.613;
260.985,504.071,258.944;
256.351,505.363,262.286;
251.786,506.576,265.637;
247.290,507.713,268.998;
242.862,508.771,272.367;
238.502,509.754,275.744;
234.211,510.660,279.129;
229.988,511.492,282.520;
225.832,512.249,285.919;
221.744,512.933,289.323;
217.723,513.543,292.733;
213.769,514.082,296.148;
209.882,514.550,299.568;
206.060,514.948,302.991;
202.304,515.277,306.419;
198.613,515.538,309.849;
194.986,515.732,313.282;
191.423,515.860,316.717;
187.923,515.923,320.154;
184.486,515.922,323.592;
181.111,515.858,327.031;
177.797,515.732,330.471;
174.544,515.546,333.910;
171.351,515.300,337.349;
168.216,514.996,340.787;
165.141,514.635,344.224;
162.123,514.217,347.660;
159.162,513.745,351.093;
156.257,513.219,354.524;
153.407,512.640,357.952;
150.613,512.010,361.377;
147.872,511.330,364.799;
145.184,510.600,368.216;
142.548,509.823,371.630;
139.964,508.998,375.038;
137.430,508.128,378.442;
134.946,507.213,381.841;
132.511,506.255,385.235;
130.124,505.254,388.622;
127.784,504.212,392.003;
