dynamics = [
99,1,0;
99,1,0;
99,1,0;
99,1,0;
98,1,1;
98,1,1;
98,1,1;
98,1,1;
98,1,1;
98,1,1;
98,1,1;
98,1,1;
98,1,1;
98,1,1;
98,1,1;
98,1,1;
98,1,1;
98,1,1;
98,1,1;
98,1,1;
98,1,1;
98,1,1;
98,1,1;
98,1,1;
98,1,1;
98,1,1;
98,1,1;
98,1,1;
98,1,1;
98,1,1;
98,1,1;
98,1,1;
98,1,1;
98,1,1;
98,1,1;
98,1,1;
98,1,1;
98,1,1;
98,1,1;
98,1,1;
98,1,1;
98,1,1;
98,1,1;
98,1,1;
98,1,1;
98,1,1;
98,1,1;
98,1,1;
98,1,1;
98,1,1;
98,1,1;
98,1,1;
97,2,1;
97,2,1;
97,2,1;
97,1,2;
97,1,2;
97,1,2;
97,1,2;
97,1,2;
97,1,2;
97,1,2;
97,1,2;
97,1,2;
97,1,2;
97,1,2;
97,1,2;
97,1,2;
97,1,2;
97,1,2;
97,1,2;
97,1,2;
97,1,2;
97,1,2;
97,1,2;
97,1,2;
97,1,2;
97,1,2;
97,1,2;
97,1,2;
97,1,2;
97,1,2;
97,1,2;
97,1,2;
97,1,2;
96,2,2;
97,1,2;
96,2,2;
96,2,2;
96,2,2;
96,2,2;
96,2,2;
96,2,2;
96,2,2;
96,2,2;
96,2,2;
96,2,2;
96,2,2;
96,2,2;
96,2,2;
96,2,2;
96,2,2;
96,2,2;
96,2,2;
96,2,2;
96,2,2;
96,2,2;
96,2,2;
96,2,2;
95,3,2;
95,2,3;
95,2,3;
95,2,3;
95,2,3;
95,2,3;
95,2,3;
95,2,3;
95,2,3;
95,2,3;
95,2,3;
95,2,3;
95,2,3;
95,2,3;
95,2,3;
95,2,3;
95,2,3;
95,2,3;
95,2,3;
95,2,3;
95,2,3;
95,2,3;
95,2,3;
95,2,3;
95,2,3;
95,2,3;
95,2,3;
95,2,3;
95,2,3;
95,2,3;
95,2,3;
95,2,3;
95,2,3;
95,2,3;
95,2,3;
95,2,3;
95,2,3;
95,2,3;
95,2,3;
95,2,3;
95,2,3;
95,2,3;
95,2,3;
95,2,3;
95,2,3;
95,2,3;
95,2,3;
95,2,3;
95,2,3;
95,2,3;
95,2,3;
95,2,3;
95,2,3;
95,2,3;
95,2,3;
95,2,3;
95,2,3;
95,2,3;
95,2,3;
95,2,3;
95,2,3;
95,2,3;
95,2,3;
95,2,3;
95,2,3;
95,2,3;
95,2,3;
93,4,3;
94,3,3;
93,4,3;
93,4,3;
93,4,3;
92,5,3;
92,5,3;
92,5,3;
92,4,4;
91,5,4;
92,4,4;
91,5,4;
91,5,4;
91,3,6;
91,3,6;
91,3,6;
91,3,6;
91,3,6;
91,3,6;
91,3,6;
91,3,6;
91,3,6;
91,3,6;
90,4,6;
91,3,6;
90,4,6;
90,4,6;
90,4,6;
90,4,6;
90,4,6;
90,4,6;
90,4,6;
90,4,6;
90,4,6;
90,4,6;
90,4,6;
90,4,6;
90,4,6;
90,4,6;
90,4,6;
90,4,6;
90,4,6;
90,4,6;
90,4,6;
90,4,6;
90,4,6;
90,4,6;
90,4,6;
90,4,6;
90,4,6;
90,4,6;
90,4,6;
90,4,6;
90,4,6;
90,4,6;
90,4,6;
90,4,6;
90,4,6;
89,5,6;
89,5,6;
89,5,6;
89,5,6;
89,5,6;
88,6,6;
89,5,6;
88,6,6;
88,6,6;
88,6,6;
88,6,6;
88,6,6;
88,6,6;
88,6,6;
87,7,6;
88,6,6;
87,7,6;
87,7,6;
87,7,6;
87,7,6;
87,6,7;
87,6,7;
87,6,7;
87,6,7;
87,6,7;
87,6,7;
87,6,7;
87,6,7;
87,6,7;
87,6,7;
87,6,7;
87,6,7;
87,5,8;
87,5,8;
87,5,8;
87,5,8;
87,5,8;
87,5,8;
87,5,8;
87,5,8;
87,5,8;
87,5,8;
87,5,8;
87,5,8;
87,5,8;
86,6,8;
87,5,8;
86,6,8;
86,6,8;
86,6,8;
86,6,8;
86,6,8;
86,6,8;
85,7,8;
86,6,8;
85,7,8;
85,7,8;
85,7,8;
85,7,8;
85,7,8;
85,7,8;
85,7,8;
85,7,8;
84,8,8;
85,7,8;
84,8,8;
84,8,8;
84,8,8;
83,8,9;
83,8,9;
84,7,9;
83,8,9;
83,8,9;
83,8,9;
82,8,10;
82,8,10;
82,7,11;
81,8,11;
81,8,11;
81,8,11;
80,9,11;
80,9,11;
80,8,12;
80,8,12;
80,7,13;
80,7,13;
80,7,13;
80,7,13;
80,7,13;
80,7,13;
80,7,13;
79,8,13;
80,7,13;
78,9,13;
79,8,13;
78,9,13;
77,10,13;
77,10,13;
77,10,13;
77,10,13;
77,10,13;
77,10,13;
77,10,13;
77,9,14;
77,9,14;
77,9,14;
77,9,14;
75,11,14;
77,9,14;
75,11,14;
74,12,14;
75,11,14;
74,12,14;
74,12,14;
74,12,14;
74,12,14;
74,12,14;
73,13,14;
74,12,14;
73,13,14;
73,13,14;
73,13,14;
73,13,14;
73,13,14;
73,13,14;
73,13,14;
72,14,14;
73,13,14;
72,14,14;
72,14,14;
72,14,14;
72,14,14;
72,14,14;
72,13,15;
72,13,15;
71,14,15;
71,13,16;
71,13,16;
70,14,16;
70,14,16;
70,14,16;
69,15,16;
70,14,16;
69,15,16;
69,15,16;
69,15,16;
69,14,17;
67,16,17;
68,15,17;
67,16,17;
66,17,17;
66,17,17;
66,17,17;
66,17,17;
65,18,17;
65,18,17;
65,18,17;
64,19,17;
64,19,17;
64,19,17;
64,19,17;
64,19,17;
64,19,17;
64,18,18;
64,18,18;
63,19,18;
63,19,18;
62,20,18;
61,21,18;
61,21,18;
59,23,18;
60,22,18;
59,23,18;
59,22,19;
58,23,19;
59,22,19;
58,23,19;
58,23,19;
58,23,19;
58,23,19;
58,23,19;
58,23,19;
58,23,19;
56,25,19;
57,24,19;
56,25,19;
55,26,19;
55,26,19;
54,27,19;
55,26,19;
54,27,19;
54,27,19;
54,27,19;
53,28,19;
52,29,19;
52,28,20;
51,29,20;
51,29,20;
50,30,20;
51,29,20;
50,30,20;
49,31,20;
50,30,20;
49,31,20;
49,31,20;
48,32,20;
48,32,20;
46,33,21;
45,34,21;
45,34,21;
44,35,21;
44,35,21;
44,35,21;
44,35,21;
44,35,21;
44,33,23;
44,33,23;
43,34,23;
44,33,23;
43,34,23;
43,33,24;
43,31,26;
43,31,26;
43,31,26;
43,31,26;
43,31,26;
41,33,26;
42,31,27;
41,32,27;
41,32,27;
41,31,28;
41,31,28;
41,31,28;
41,31,28;
41,31,28;
41,31,28;
41,31,28;
41,31,28;
40,32,28;
39,33,28;
40,32,28;
39,33,28;
38,34,28;
38,34,28;
38,33,29;
37,34,29;
37,34,29;
37,34,29;
36,35,29;
36,35,29;
36,35,29;
35,35,30;
34,36,30;
33,37,30;
34,35,31;
32,37,31;
32,37,31;
31,38,31;
32,37,31;
30,39,31;
31,38,31;
30,39,31;
30,39,31;
30,39,31;
30,39,31;
30,39,31;
30,39,31;
30,39,31;
29,40,31;
29,40,31;
28,40,32;
28,40,32;
28,40,32;
27,41,32;
28,39,33;
27,40,33;
27,39,34;
27,39,34;
27,39,34;
27,37,36;
27,37,36;
27,37,36;
25,39,36;
26,38,36;
25,39,36;
24,40,36;
25,39,36;
23,41,36;
23,41,36;
23,41,36;
22,42,36;
22,41,37;
22,41,37;
21,41,38;
22,40,38;
21,41,38;
21,41,38;
21,41,38;
21,40,39;
21,40,39;
21,39,40;
21,39,40;
21,39,40;
21,39,40;
21,39,40;
21,38,41;
21,38,41;
19,39,42;
21,37,42;
19,39,42;
19,39,42;
19,39,42;
19,39,42;
19,38,43;
19,38,43;
19,37,44;
19,36,45;
19,36,45;
19,36,45;
19,34,47;
19,34,47;
19,34,47;
18,35,47;
19,34,47;
18,34,48;
18,33,49;
18,33,49;
17,34,49;
18,33,49;
17,33,50;
17,33,50;
17,33,50;
17,32,51;
17,32,51;
17,32,51;
17,32,51;
17,32,51;
17,32,51;
17,32,51;
17,31,52;
17,31,52;
17,31,52;
17,31,52;
16,32,52;
17,31,52;
16,32,52;
16,32,52;
16,32,52;
16,32,52;
16,32,52;
16,32,52;
16,32,52;
16,31,53;
16,31,53;
15,32,53;
16,30,54;
15,31,54;
15,31,54;
15,31,54;
15,31,54;
15,31,54;
15,31,54;
15,31,54;
15,31,54;
15,31,54;
15,31,54;
15,31,54;
15,31,54;
15,30,55;
15,30,55;
15,30,55;
15,30,55;
15,29,56;
15,29,56;
15,29,56;
15,29,56;
15,29,56;
15,29,56;
15,28,57;
15,28,57;
15,28,57;
15,28,57;
15,28,57;
15,28,57;
15,28,57;
14,29,57;
15,28,57;
14,29,57;
14,29,57;
14,29,57;
14,29,57;
14,29,57;
14,29,57;
14,29,57;
14,29,57;
14,29,57;
14,29,57;
14,29,57;
13,30,57;
14,29,57;
13,29,58;
13,29,58;
13,28,59;
13,27,60;
13,27,60;
13,27,60;
13,27,60;
13,27,60;
13,27,60;
13,27,60;
13,27,60;
13,27,60;
12,28,60;
13,27,60;
12,28,60;
12,28,60;
11,29,60;
12,28,60;
11,29,60;
11,29,60;
11,29,60;
11,29,60;
11,29,60;
11,29,60;
11,29,60;
11,29,60;
11,29,60;
11,28,61;
11,28,61;
11,28,61;
11,28,61;
11,28,61;
11,28,61;
11,28,61;
11,28,61;
11,28,61;
11,28,61;
11,27,62;
11,27,62;
11,27,62;
11,27,62;
11,27,62;
11,27,62;
11,25,64;
11,25,64;
11,25,64;
11,25,64;
11,25,64;
11,25,64;
11,25,64;
11,25,64;
11,25,64;
11,25,64;
11,24,65;
11,24,65;
11,24,65;
10,25,65;
11,24,65;
10,24,66;
10,24,66;
10,24,66;
10,24,66;
10,24,66;
10,23,67;
10,23,67;
10,23,67;
10,23,67;
9,24,67;
10,23,67;
9,24,67;
9,24,67;
9,24,67;
9,24,67;
9,24,67;
9,24,67;
9,24,67;
9,23,68;
9,23,68;
9,23,68;
9,23,68;
9,23,68;
9,23,68;
9,23,68;
9,23,68;
9,23,68;
9,23,68;
9,22,69;
9,22,69;
9,22,69;
9,22,69;
8,23,69;
9,22,69;
8,23,69;
8,23,69;
8,23,69;
8,23,69;
8,23,69;
8,23,69;
8,23,69;
8,23,69;
8,23,69;
8,23,69;
8,23,69;
8,23,69;
8,23,69;
8,23,69;
8,23,69;
7,24,69;
8,23,69;
7,24,69;
7,24,69;
7,24,69;
7,24,69;
7,24,69;
7,24,69;
7,24,69;
7,24,69;
7,24,69;
7,24,69;
7,24,69;
7,24,69;
7,24,69;
7,24,69;
7,24,69;
7,24,69;
7,24,69;
7,24,69;
7,24,69;
7,24,69;
7,24,69;
7,24,69;
7,24,69;
7,24,69;
7,24,69;
7,23,70;
7,21,72;
7,21,72;
7,21,72;
6,22,72;
7,21,72;
6,22,72;
6,22,72;
6,22,72;
6,22,72;
6,22,72;
6,22,72;
6,22,72;
6,22,72;
6,22,72;
6,21,73;
6,21,73;
5,22,73;
5,22,73;
5,22,73;
5,22,73;
5,22,73;
5,22,73;
5,22,73;
5,22,73;
5,22,73;
5,22,73;
5,22,73;
5,22,73;
5,22,73;
5,22,73;
5,22,73;
5,22,73;
5,21,74;
5,21,74;
5,21,74;
5,20,75;
5,18,77;
4,19,77;
4,19,77;
4,19,77;
4,18,78;
4,18,78;
4,18,78;
4,18,78;
4,18,78;
4,18,78;
4,18,78;
4,18,78;
4,17,79;
4,17,79;
4,17,79;
4,17,79;
4,17,79;
4,17,79;
4,17,79;
4,17,79;
4,17,79;
4,17,79;
4,17,79;
4,17,79;
4,17,79;
4,16,80;
4,16,80;
4,16,80;
4,16,80;
4,16,80;
4,15,81;
4,15,81;
4,14,82;
4,14,82;
4,14,82;
4,14,82;
4,14,82;
4,13,83;
4,13,83;
4,13,83;
4,13,83;
4,13,83;
4,13,83;
4,13,83;
4,13,83;
4,13,83;
4,13,83;
4,13,83;
4,13,83;
4,13,83;
4,13,83;
4,13,83;
4,13,83;
4,13,83;
4,13,83;
4,13,83;
4,13,83;
4,13,83;
4,13,83;
4,13,83;
4,12,84;
4,12,84;
4,12,84;
4,12,84;
4,12,84;
4,11,85;
4,11,85;
4,11,85;
4,11,85;
4,11,85;
4,11,85;
4,11,85;
4,11,85;
4,11,85;
4,11,85;
