steps = 1500;
dt = 0.1;
replications = 0;
dynamics = [
0.999,0.001,0.000;
0.999,0.001,0.000;
0.999,0.001,0.000;
0.999,0.001,0.000;
0.999,0.001,0.000;
0.999,0.001,0.000;
0.999,0.001,0.000;
0.999,0.001,0.000;
0.999,0.001,0.000;
0.999,0.001,0.000;
0.999,0.001,0.000;
0.999,0.001,0.000;
0.999,0.001,0.000;
0.999,0.001,0.000;
0.999,0.001,0.000;
0.999,0.001,0.000;
0.999,0.001,0.000;
0.999,0.001,0.000;
0.999,0.001,0.000;
0.999,0.001,0.000;
0.999,0.001,0.000;
0.999,0.001,0.000;
0.999,0.001,0.000;
0.999,0.001,0.000;
0.999,0.001,0.000;
0.999,0.001,0.000;
0.999,0.001,0.000;
0.999,0.001,0.000;
0.999,0.001,0.000;
0.999,0.001,0.000;
0.999,0.001,0.000;
0.999,0.001,0.000;
0.999,0.001,0.000;
0.999,0.001,0.000;
0.999,0.001,0.000;
0.999,0.001,0.000;
0.999,0.001,0.000;
0.999,0.001,0.000;
0.999,0.001,0.000;
0.999,0.001,0.000;
0.999,0.001,0.000;
0.999,0.001,0.000;
0.999,0.001,0.000;
0.999,0.001,0.000;
0.999,0.001,0.000;
0.999,0.001,0.000;
0.999,0.001,0.000;
0.999,0.001,0.000;
0.999,0.001,0.000;
0.999,0.001,0.000;
0.999,0.001,0.000;
0.999,0.001,0.000;
0.999,0.001,0.000;
0.999,0.001,0.000;
0.999,0.001,0.000;
0.999,0.001,0.000;
0.999,0.001,0.000;
0.999,0.001,0.000;
0.999,0.001,0.000;
0.999,0.001,0.000;
0.999,0.001,0.000;
0.999,0.001,0.000;
0.999,0.001,0.000;
0.999,0.001,0.000;
0.999,0.001,0.000;
0.999,0.001,0.000;
0.999,0.001,0.000;
0.999,0.001,0.000;
0.999,0.001,0.000;
0.999,0.001,0.000;
0.999,0.001,0.000;
0.999,0.001,0.000;
0.999,0.001,0.000;
0.999,0.001,0.000;
0.999,0.001,0.000;
0.999,0.001,0.000;
0.999,0.001,0.000;
0.999,0.001,0.000;
0.999,0.001,0.000;
0.999,0.001,0.000;
0.999,0.001,0.000;
0.999,0.001,0.000;
0.999,0.001,0.000;
0.999,0.001,0.000;
0.999,0.001,0.000;
0.999,0.001,0.000;
0.998,0.002,0.000;
0.998,0.002,0.000;
0.998,0.002,0.000;
0.998,0.002,0.000;
0.998,0.002,0.000;
0.998,0.002,0.000;
0.998,0.002,0.000;
0.998,0.002,0.000;
0.998,0.002,0.000;
0.998,0.002,0.000;
0.998,0.002,0.000;
0.998,0.002,0.000;
0.998,0.002,0.000;
0.998,0.002,0.000;
0.998,0.002,0.000;
0.998,0.002,0.000;
0.998,0.002,0.000;
0.998,0.002,0.000;
0.998,0.002,0.000;
0.998,0.002,0.000;
0.998,0.002,0.000;
0.998,0.002,0.000;
0.998,0.002,0.000;
0.998,0.002,0.000;
0.998,0.002,0.000;
0.998,0.002,0.000;
0.998,0.002,0.000;
0.998,0.002,0.000;
0.998,0.002,0.000;
0.998,0.002,0.000;
0.998,0.002,0.000;
0.998,0.002,0.000;
0.998,0.002,0.000;
0.998,0.002,0.000;
0.998,0.002,0.000;
0.998,0.002,0.000;
0.998,0.002,0.000;
0.998,0.002,0.000;
0.998,0.002,0.000;
0.997,0.003,0.000;
0.996,0.004,0.000;
0.996,0.004,0.000;
0.996,0.004,0.000;
0.996,0.004,0.000;
0.996,0.004,0.000;
0.996,0.004,0.000;
0.996,0.004,0.000;
0.996,0.004,0.000;
0.996,0.004,0.000;
0.996,0.004,0.000;
0.996,0.004,0.000;
0.996,0.004,0.000;
0.996,0.004,0.000;
0.996,0.004,0.000;
0.996,0.004,0.000;
0.996,0.004,0.000;
0.996,0.004,0.000;
0.996,0.004,0.000;
0.996,0.004,0.000;
0.996,0.004,0.000;
0.996,0.004,0.000;
0.996,0.004,0.000;
0.996,0.004,0.000;
0.996,0.004,0.000;
0.996,0.004,0.000;
0.996,0.004,0.000;
0.996,0.003,0.001;
0.996,0.003,0.001;
0.996,0.003,0.001;
0.996,0.003,0.001;
0.996,0.003,0.001;
0.996,0.003,0.001;
0.996,0.003,0.001;
0.996,0.003,0.001;
0.996,0.003,0.001;
0.996,0.003,0.001;
0.996,0.003,0.001;
0.995,0.004,0.001;
0.995,0.004,0.001;
0.995,0.004,0.001;
0.995,0.004,0.001;
0.995,0.004,0.001;
0.995,0.004,0.001;
0.995,0.004,0.001;
0.995,0.004,0.001;
0.995,0.004,0.001;
0.995,0.004,0.001;
0.995,0.004,0.001;
0.995,0.004,0.001;
0.995,0.004,0.001;
0.995,0.004,0.001;
0.995,0.004,0.001;
0.995,0.004,0.001;
0.994,0.005,0.001;
0.994,0.005,0.001;
0.994,0.005,0.001;
0.994,0.005,0.001;
0.994,0.005,0.001;
0.994,0.005,0.001;
0.994,0.005,0.001;
0.994,0.005,0.001;
0.994,0.005,0.001;
0.994,0.005,0.001;
0.994,0.005,0.001;
0.993,0.006,0.001;
0.993,0.006,0.001;
0.993,0.006,0.001;
0.993,0.006,0.001;
0.993,0.006,0.001;
0.992,0.007,0.001;
0.991,0.008,0.001;
0.991,0.008,0.001;
0.991,0.008,0.001;
0.991,0.008,0.001;
0.991,0.008,0.001;
0.991,0.008,0.001;
0.991,0.008,0.001;
0.991,0.008,0.001;
0.991,0.008,0.001;
0.991,0.008,0.001;
0.991,0.008,0.001;
0.990,0.009,0.001;
0.989,0.010,0.001;
0.988,0.011,0.001;
0.988,0.011,0.001;
0.988,0.011,0.001;
0.988,0.011,0.001;
0.988,0.011,0.001;
0.988,0.011,0.001;
0.988,0.011,0.001;
0.988,0.011,0.001;
0.988,0.011,0.001;
0.988,0.011,0.001;
0.986,0.012,0.001;
0.986,0.012,0.001;
0.986,0.012,0.001;
0.986,0.012,0.001;
0.986,0.012,0.001;
0.986,0.012,0.001;
0.986,0.012,0.001;
0.986,0.012,0.001;
0.985,0.014,0.001;
0.985,0.014,0.001;
0.985,0.014,0.001;
0.984,0.015,0.001;
0.983,0.016,0.001;
0.983,0.016,0.001;
0.983,0.016,0.001;
0.983,0.016,0.001;
0.983,0.016,0.001;
0.983,0.016,0.001;
0.983,0.015,0.002;
0.983,0.015,0.002;
0.982,0.016,0.002;
0.982,0.016,0.002;
0.982,0.016,0.002;
0.982,0.016,0.002;
0.982,0.016,0.002;
0.982,0.016,0.002;
0.982,0.016,0.002;
0.982,0.016,0.002;
0.982,0.016,0.002;
0.981,0.017,0.002;
0.981,0.017,0.002;
0.981,0.017,0.002;
0.981,0.017,0.002;
0.981,0.017,0.002;
0.981,0.017,0.002;
0.980,0.018,0.002;
0.980,0.018,0.002;
0.979,0.019,0.002;
0.979,0.019,0.002;
0.979,0.019,0.002;
0.979,0.019,0.002;
0.979,0.019,0.002;
0.978,0.020,0.002;
0.978,0.020,0.002;
0.977,0.021,0.002;
0.977,0.021,0.002;
0.976,0.022,0.002;
0.975,0.023,0.002;
0.975,0.023,0.002;
0.975,0.023,0.002;
0.974,0.024,0.002;
0.974,0.024,0.002;
0.973,0.025,0.002;
0.973,0.025,0.002;
0.972,0.026,0.002;
0.971,0.027,0.002;
0.971,0.027,0.002;
0.970,0.027,0.003;
0.970,0.026,0.004;
0.970,0.026,0.004;
0.970,0.026,0.004;
0.969,0.027,0.004;
0.968,0.028,0.004;
0.968,0.028,0.004;
0.967,0.029,0.004;
0.966,0.030,0.004;
0.965,0.031,0.004;
0.963,0.033,0.004;
0.963,0.033,0.004;
0.963,0.033,0.004;
0.961,0.034,0.004;
0.961,0.034,0.004;
0.961,0.034,0.004;
0.961,0.034,0.004;
0.960,0.035,0.004;
0.960,0.035,0.004;
0.960,0.035,0.004;
0.959,0.036,0.004;
0.958,0.037,0.004;
0.958,0.037,0.004;
0.958,0.037,0.004;
0.958,0.037,0.004;
0.958,0.037,0.004;
0.958,0.037,0.004;
0.958,0.037,0.004;
0.958,0.037,0.004;
0.957,0.039,0.004;
0.957,0.039,0.004;
0.957,0.039,0.004;
0.957,0.039,0.004;
0.956,0.040,0.004;
0.956,0.040,0.004;
0.956,0.040,0.004;
0.956,0.040,0.004;
0.954,0.042,0.004;
0.952,0.043,0.005;
0.952,0.043,0.005;
0.952,0.043,0.005;
0.952,0.043,0.005;
0.952,0.043,0.005;
0.951,0.044,0.005;
0.949,0.046,0.005;
0.948,0.047,0.005;
0.947,0.048,0.005;
0.945,0.050,0.005;
0.944,0.051,0.005;
0.944,0.051,0.005;
0.943,0.052,0.005;
0.943,0.052,0.005;
0.943,0.052,0.005;
0.941,0.054,0.005;
0.941,0.053,0.006;
0.941,0.053,0.006;
0.939,0.055,0.006;
0.939,0.055,0.006;
0.938,0.056,0.006;
0.935,0.058,0.006;
0.935,0.058,0.006;
0.935,0.058,0.006;
0.934,0.059,0.006;
0.934,0.059,0.006;
0.934,0.059,0.006;
0.934,0.058,0.007;
0.933,0.059,0.007;
0.932,0.060,0.007;
0.930,0.062,0.007;
0.930,0.062,0.007;
0.930,0.061,0.008;
0.929,0.061,0.009;
0.928,0.062,0.009;
0.923,0.068,0.009;
0.923,0.068,0.009;
0.923,0.068,0.009;
0.920,0.071,0.009;
0.920,0.071,0.009;
0.919,0.072,0.009;
0.919,0.072,0.009;
0.917,0.074,0.009;
0.917,0.074,0.009;
0.917,0.073,0.010;
0.916,0.073,0.011;
0.916,0.072,0.012;
0.916,0.072,0.012;
0.915,0.073,0.012;
0.914,0.074,0.012;
0.914,0.074,0.012;
0.914,0.074,0.012;
0.913,0.075,0.012;
0.913,0.075,0.012;
0.912,0.076,0.012;
0.911,0.077,0.012;
0.911,0.076,0.014;
0.909,0.077,0.014;
0.907,0.079,0.014;
0.906,0.080,0.014;
0.904,0.082,0.014;
0.904,0.082,0.014;
0.904,0.082,0.014;
0.904,0.082,0.014;
0.901,0.084,0.015;
0.900,0.085,0.015;
0.899,0.086,0.015;
0.898,0.086,0.016;
0.897,0.086,0.017;
0.896,0.087,0.017;
0.892,0.092,0.017;
0.892,0.092,0.017;
0.890,0.094,0.017;
0.888,0.096,0.017;
0.888,0.096,0.017;
0.886,0.098,0.017;
0.886,0.097,0.018;
0.886,0.097,0.018;
0.883,0.099,0.018;
0.882,0.100,0.018;
0.880,0.102,0.018;
0.879,0.103,0.018;
0.878,0.104,0.018;
0.877,0.105,0.018;
0.875,0.107,0.018;
0.875,0.106,0.019;
0.875,0.106,0.019;
0.874,0.107,0.019;
0.873,0.108,0.019;
0.872,0.109,0.019;
0.870,0.111,0.019;
0.870,0.110,0.020;
0.869,0.111,0.020;
0.868,0.111,0.021;
0.865,0.114,0.021;
0.864,0.116,0.021;
0.864,0.116,0.021;
0.863,0.117,0.021;
0.861,0.118,0.022;
0.860,0.119,0.022;
0.858,0.119,0.023;
0.857,0.120,0.023;
0.856,0.120,0.024;
0.855,0.120,0.025;
