steps = 1500;
dt = 0.1;
replications = 0;
dynamics = [
1.000,0.000,0.000;
1.000,0.000,0.000;
1.000,0.000,0.000;
1.000,0.000,0.000;
0.999,0.001,0.000;
0.999,0.001,0.000;
0.999,0.001,0.000;
0.999,0.001,0.000;
0.999,0.001,0.000;
0.999,0.001,0.000;
0.999,0.001,0.000;
0.999,0.001,0.000;
0.999,0.001,0.000;
0.999,0.001,0.000;
0.999,0.001,0.000;
0.999,0.001,0.000;
0.999,0.001,0.000;
0.999,0.001,0.000;
0.999,0.001,0.000;
0.999,0.001,0.000;
0.999,0.001,0.000;
0.999,0.001,0.000;
0.999,0.001,0.000;
0.999,0.001,0.000;
0.999,0.001,0.000;
0.999,0.001,0.000;
0.999,0.001,0.000;
0.999,0.001,0.000;
0.999,0.001,0.000;
0.999,0.001,0.000;
0.999,0.001,0.000;
0.999,0.001,0.000;
0.999,0.001,0.000;
0.999,0.001,0.000;
0.999,0.001,0.000;
0.999,0.001,0.000;
0.999,0.001,0.000;
0.999,0.001,0.000;
0.999,0.001,0.000;
0.999,0.001,0.000;
0.999,0.001,0.000;
0.999,0.001,0.000;
0.999,0.001,0.000;
0.999,0.001,0.000;
0.999,0.001,0.000;
0.999,0.001,0.000;
0.999,0.001,0.000;
0.999,0.001,0.000;
0.999,0.001,0.000;
0.999,0.001,0.000;
0.999,0.001,0.000;
0.999,0.001,0.000;
0.999,0.001,0.000;
0.999,0.001,0.000;
0.999,0.001,0.000;
0.999,0.001,0.000;
0.999,0.001,0.000;
0.999,0.001,0.000;
0.999,0.001,0.000;
0.999,0.001,0.000;
0.999,0.001,0.000;
0.999,0.001,0.000;
0.999,0.001,0.000;
0.999,0.001,0.000;
0.999,0.001,0.000;
0.999,0.001,0.000;
0.999,0.001,0.000;
0.999,0.001,0.000;
0.999,0.001,0.000;
0.999,0.001,0.000;
0.998,0.002,0.000;
0.998,0.002,0.000;
0.998,0.002,0.000;
0.998,0.002,0.000;
0.998,0.002,0.000;
0.998,0.002,0.000;
0.998,0.002,0.000;
0.998,0.002,0.000;
0.998,0.002,0.000;
0.998,0.002,0.000;
0.998,0.002,0.000;
0.998,0.002,0.000;
0.998,0.002,0.000;
0.998,0.002,0.000;
0.998,0.002,0.000;
0.998,0.002,0.000;
0.998,0.002,0.000;
0.998,0.002,0.000;
0.998,0.002,0.000;
0.998,0.002,0.000;
0.998,0.002,0.000;
0.998,0.002,0.000;
0.998,0.002,0.000;
0.998,0.002,0.000;
0.998,0.002,0.000;
0.998,0.002,0.000;
0.997,0.003,0.000;
0.997,0.003,0.000;
0.997,0.003,0.000;
0.997,0.003,0.000;
0.997,0.003,0.000;
0.997,0.003,0.000;
0.997,0.003,0.000;
0.997,0.003,0.000;
0.997,0.003,0.000;
0.997,0.003,0.000;
0.997,0.003,0.000;
0.997,0.003,0.000;
0.997,0.003,0.000;
0.997,0.003,0.000;
0.997,0.003,0.000;
0.997,0.003,0.000;
0.997,0.003,0.000;
0.997,0.003,0.000;
0.997,0.003,0.000;
0.997,0.003,0.000;
0.997,0.003,0.000;
0.997,0.003,0.000;
0.997,0.003,0.000;
0.997,0.003,0.000;
0.997,0.003,0.000;
0.997,0.003,0.000;
0.997,0.003,0.000;
0.997,0.003,0.000;
0.997,0.003,0.000;
0.997,0.003,0.000;
0.997,0.003,0.000;
0.997,0.003,0.000;
0.997,0.003,0.000;
0.996,0.004,0.000;
0.996,0.004,0.000;
0.996,0.004,0.000;
0.996,0.004,0.000;
0.996,0.004,0.000;
0.996,0.004,0.000;
0.996,0.004,0.000;
0.996,0.004,0.000;
0.996,0.004,0.000;
0.996,0.004,0.000;
0.995,0.005,0.000;
0.995,0.005,0.000;
0.995,0.005,0.000;
0.995,0.005,0.000;
0.995,0.005,0.000;
0.995,0.005,0.000;
0.995,0.005,0.000;
0.995,0.005,0.000;
0.995,0.005,0.000;
0.995,0.005,0.000;
0.995,0.005,0.000;
0.995,0.005,0.000;
0.995,0.005,0.000;
0.995,0.005,0.000;
0.995,0.005,0.000;
0.995,0.005,0.000;
0.995,0.005,0.001;
0.994,0.005,0.001;
0.994,0.005,0.001;
0.994,0.005,0.001;
0.994,0.005,0.001;
0.994,0.005,0.001;
0.994,0.005,0.001;
0.994,0.005,0.001;
0.994,0.005,0.001;
0.994,0.005,0.001;
0.994,0.005,0.001;
0.993,0.006,0.001;
0.993,0.006,0.001;
0.993,0.006,0.001;
0.993,0.006,0.001;
0.993,0.006,0.001;
0.993,0.006,0.001;
0.993,0.006,0.001;
0.993,0.007,0.001;
0.992,0.007,0.001;
0.992,0.007,0.001;
0.992,0.007,0.001;
0.992,0.007,0.001;
0.992,0.007,0.001;
0.992,0.007,0.001;
0.992,0.007,0.001;
0.992,0.007,0.001;
0.992,0.007,0.001;
0.992,0.007,0.001;
0.992,0.008,0.001;
0.992,0.008,0.001;
0.992,0.008,0.001;
0.992,0.008,0.001;
0.992,0.008,0.001;
0.992,0.008,0.001;
0.992,0.008,0.001;
0.992,0.008,0.001;
0.992,0.008,0.001;
0.992,0.008,0.001;
0.991,0.008,0.001;
0.991,0.008,0.001;
0.991,0.008,0.001;
0.991,0.008,0.001;
0.991,0.008,0.001;
0.991,0.008,0.001;
0.991,0.008,0.001;
0.991,0.008,0.001;
0.991,0.008,0.001;
0.991,0.008,0.001;
0.991,0.008,0.001;
0.991,0.008,0.001;
0.991,0.008,0.001;
0.990,0.009,0.001;
0.990,0.009,0.001;
0.990,0.009,0.001;
0.990,0.009,0.001;
0.990,0.009,0.001;
0.990,0.009,0.001;
0.989,0.010,0.001;
0.989,0.010,0.001;
0.989,0.010,0.001;
0.989,0.010,0.001;
0.988,0.011,0.001;
0.988,0.011,0.001;
0.988,0.011,0.001;
0.988,0.011,0.001;
0.988,0.011,0.002;
0.987,0.011,0.002;
0.987,0.011,0.002;
0.987,0.012,0.002;
0.987,0.012,0.002;
0.987,0.012,0.002;
0.987,0.011,0.002;
0.987,0.011,0.002;
0.987,0.011,0.002;
0.987,0.012,0.002;
0.987,0.012,0.002;
0.987,0.012,0.002;
0.986,0.012,0.002;
0.986,0.012,0.002;
0.986,0.012,0.002;
0.986,0.012,0.002;
0.986,0.012,0.002;
0.986,0.012,0.002;
0.986,0.012,0.002;
0.986,0.012,0.002;
0.985,0.013,0.002;
0.985,0.013,0.002;
0.985,0.013,0.002;
0.985,0.013,0.002;
0.985,0.013,0.002;
0.985,0.013,0.002;
0.985,0.012,0.003;
0.985,0.012,0.003;
0.985,0.012,0.003;
0.985,0.012,0.003;
0.985,0.012,0.003;
0.985,0.012,0.003;
0.985,0.012,0.003;
0.985,0.012,0.003;
0.985,0.012,0.003;
0.984,0.013,0.003;
0.984,0.013,0.003;
0.984,0.013,0.003;
0.984,0.013,0.003;
0.984,0.013,0.003;
0.984,0.013,0.003;
0.984,0.013,0.003;
0.984,0.013,0.003;
0.983,0.013,0.003;
0.983,0.013,0.003;
0.983,0.013,0.003;
0.983,0.013,0.003;
0.983,0.013,0.003;
0.983,0.014,0.003;
0.983,0.014,0.003;
0.983,0.014,0.003;
0.983,0.014,0.003;
0.983,0.014,0.003;
0.983,0.014,0.003;
0.983,0.014,0.003;
0.983,0.014,0.003;
0.982,0.014,0.003;
0.982,0.014,0.003;
0.982,0.015,0.003;
0.982,0.014,0.004;
0.981,0.015,0.004;
0.981,0.015,0.004;
0.981,0.015,0.004;
0.981,0.015,0.004;
0.980,0.016,0.004;
0.980,0.015,0.004;
0.980,0.015,0.004;
0.980,0.016,0.004;
0.979,0.017,0.004;
0.979,0.016,0.005;
0.979,0.016,0.005;
0.979,0.017,0.005;
0.979,0.017,0.005;
0.978,0.017,0.005;
0.977,0.018,0.005;
0.977,0.018,0.005;
0.976,0.019,0.005;
0.976,0.019,0.005;
0.976,0.019,0.005;
0.976,0.019,0.005;
0.975,0.020,0.005;
0.975,0.020,0.005;
0.975,0.020,0.005;
0.974,0.021,0.005;
0.973,0.022,0.005;
0.973,0.021,0.005;
0.973,0.021,0.006;
0.973,0.021,0.006;
0.973,0.022,0.006;
0.973,0.022,0.006;
0.972,0.022,0.006;
0.972,0.022,0.006;
0.972,0.023,0.006;
0.971,0.023,0.006;
0.971,0.023,0.006;
0.971,0.023,0.006;
0.971,0.023,0.007;
0.970,0.023,0.007;
0.968,0.025,0.007;
0.968,0.025,0.007;
0.967,0.027,0.007;
0.967,0.027,0.007;
0.966,0.027,0.007;
0.966,0.027,0.007;
0.966,0.026,0.008;
0.966,0.027,0.008;
0.965,0.027,0.008;
0.965,0.027,0.008;
0.965,0.027,0.008;
0.965,0.027,0.008;
0.965,0.027,0.008;
0.964,0.028,0.008;
0.964,0.028,0.008;
0.963,0.028,0.008;
0.963,0.028,0.008;
0.963,0.028,0.008;
0.962,0.030,0.008;
0.962,0.030,0.008;
0.961,0.030,0.008;
0.960,0.031,0.008;
0.960,0.032,0.008;
0.960,0.032,0.008;
0.960,0.032,0.008;
0.959,0.032,0.008;
0.958,0.033,0.009;
0.958,0.033,0.009;
0.958,0.033,0.009;
0.958,0.033,0.009;
0.957,0.033,0.009;
0.957,0.033,0.009;
0.957,0.034,0.009;
0.956,0.035,0.009;
0.956,0.035,0.009;
0.956,0.035,0.009;
0.955,0.035,0.009;
0.955,0.035,0.009;
0.955,0.036,0.009;
0.955,0.036,0.010;
0.954,0.037,0.010;
0.954,0.037,0.010;
0.954,0.037,0.010;
0.953,0.037,0.010;
0.953,0.037,0.010;
0.953,0.036,0.011;
0.953,0.036,0.011;
0.952,0.037,0.011;
0.952,0.037,0.011;
0.951,0.037,0.012;
0.951,0.037,0.012;
0.951,0.037,0.012;
0.951,0.037,0.012;
0.951,0.037,0.012;
0.949,0.038,0.013;
0.948,0.040,0.013;
0.945,0.042,0.013;
0.945,0.042,0.013;
0.945,0.042,0.013;
0.945,0.042,0.013;
0.944,0.043,0.013;
0.944,0.043,0.013;
0.944,0.042,0.013;
0.944,0.043,0.013;
0.943,0.043,0.013;
0.943,0.043,0.014;
0.942,0.045,0.014;
0.941,0.045,0.014;
0.941,0.045,0.014;
0.940,0.046,0.014;
0.940,0.046,0.014;
0.939,0.047,0.014;
0.939,0.047,0.014;
0.938,0.047,0.015;
0.937,0.048,0.015;
0.936,0.050,0.015;
0.936,0.050,0.015;
0.934,0.051,0.015;
0.933,0.052,0.015;
0.933,0.052,0.015;
0.933,0.052,0.015;
0.932,0.053,0.015;
0.931,0.054,0.015;
0.930,0.055,0.015;
0.929,0.056,0.015;
0.928,0.057,0.015;
0.928,0.057,0.015;
0.927,0.058,0.015;
0.927,0.058,0.016;
0.926,0.058,0.016;
0.924,0.060,0.016;
0.923,0.061,0.016;
0.923,0.061,0.016;
0.922,0.062,0.016;
0.922,0.062,0.016;
0.921,0.063,0.016;
0.921,0.062,0.017;
0.920,0.063,0.017;
0.919,0.065,0.017;
