steps = 200;
dt = 1.0;
replications = 0;
dynamics = [
0.999,0.001,0.000;
0.999,0.001,0.000;
0.999,0.001,0.000;
0.999,0.001,0.000;
0.999,0.001,0.000;
0.999,0.001,0.000;
0.999,0.001,0.000;
0.999,0.001,0.000;
0.999,0.001,0.000;
0.998,0.002,0.000;
0.998,0.002,0.000;
0.998,0.002,0.000;
0.997,0.003,0.000;
0.997,0.003,0.000;
0.997,0.003,0.000;
0.996,0.004,0.000;
0.996,0.003,0.001;
0.996,0.003,0.001;
0.995,0.004,0.001;
0.995,0.004,0.001;
0.994,0.005,0.001;
0.993,0.006,0.001;
0.993,0.006,0.001;
0.993,0.006,0.001;
0.993,0.005,0.002;
0.993,0.005,0.002;
0.993,0.005,0.002;
0.992,0.005,0.003;
0.992,0.005,0.003;
0.991,0.006,0.003;
0.990,0.006,0.004;
0.990,0.006,0.004;
0.989,0.007,0.004;
0.988,0.007,0.005;
0.988,0.007,0.005;
0.986,0.007,0.006;
0.985,0.007,0.007;
0.984,0.008,0.007;
0.983,0.009,0.007;
0.981,0.011,0.007;
0.980,0.012,0.007;
0.979,0.014,0.007;
0.978,0.014,0.008;
0.973,0.019,0.008;
0.971,0.020,0.009;
0.971,0.019,0.010;
0.966,0.024,0.010;
0.965,0.024,0.011;
0.961,0.026,0.012;
0.959,0.028,0.012;
0.958,0.028,0.014;
0.955,0.030,0.015;
0.952,0.032,0.016;
0.949,0.034,0.017;
0.945,0.036,0.019;
0.943,0.037,0.020;
0.937,0.043,0.021;
0.934,0.044,0.022;
0.930,0.043,0.027;
0.925,0.046,0.029;
0.918,0.053,0.029;
0.915,0.051,0.034;
0.908,0.056,0.035;
0.900,0.061,0.039;
0.893,0.067,0.041;
0.887,0.072,0.042;
0.880,0.075,0.045;
0.877,0.075,0.048;
0.870,0.079,0.051;
0.862,0.083,0.055;
0.853,0.089,0.057;
0.845,0.092,0.063;
0.838,0.097,0.066;
0.827,0.103,0.070;
0.821,0.104,0.075;
0.813,0.105,0.082;
0.809,0.106,0.085;
0.799,0.109,0.092;
0.791,0.109,0.100;
0.783,0.110,0.107;
0.772,0.114,0.113;
0.763,0.118,0.120;
0.753,0.124,0.123;
0.743,0.127,0.130;
0.735,0.127,0.138;
0.726,0.127,0.147;
0.717,0.128,0.155;
0.708,0.130,0.162;
0.694,0.133,0.173;
0.685,0.136,0.179;
0.673,0.139,0.187;
0.658,0.151,0.191;
0.650,0.149,0.201;
0.632,0.159,0.209;
0.618,0.164,0.217;
0.608,0.164,0.228;
0.599,0.163,0.237;
0.588,0.165,0.247;
0.575,0.168,0.257;
0.564,0.171,0.265;
0.555,0.172,0.274;
0.546,0.171,0.283;
0.539,0.169,0.292;
0.529,0.165,0.306;
0.517,0.168,0.315;
0.506,0.168,0.327;
0.493,0.164,0.342;
0.485,0.165,0.350;
0.478,0.154,0.368;
0.472,0.146,0.382;
0.463,0.145,0.392;
0.456,0.144,0.401;
0.446,0.142,0.412;
0.439,0.136,0.425;
0.436,0.128,0.436;
0.429,0.126,0.445;
0.422,0.124,0.454;
0.418,0.121,0.461;
0.414,0.114,0.471;
0.407,0.110,0.483;
0.404,0.102,0.494;
0.400,0.094,0.507;
0.399,0.086,0.515;
0.396,0.081,0.522;
0.393,0.079,0.528;
0.388,0.075,0.537;
0.383,0.073,0.544;
0.377,0.070,0.554;
0.371,0.068,0.561;
0.369,0.067,0.564;
0.367,0.061,0.571;
0.364,0.058,0.578;
0.361,0.057,0.582;
0.358,0.056,0.586;
0.357,0.050,0.593;
0.354,0.050,0.596;
0.353,0.047,0.600;
0.353,0.046,0.601;
0.349,0.048,0.604;
0.347,0.047,0.607;
0.344,0.044,0.612;
0.342,0.041,0.617;
0.339,0.037,0.623;
0.339,0.032,0.629;
0.339,0.030,0.631;
0.338,0.029,0.633;
0.337,0.027,0.636;
0.337,0.024,0.639;
0.336,0.022,0.642;
0.336,0.021,0.643;
0.335,0.019,0.646;
0.335,0.018,0.647;
0.334,0.019,0.647;
0.333,0.016,0.651;
0.332,0.015,0.653;
0.332,0.012,0.656;
0.331,0.011,0.658;
0.331,0.008,0.661;
0.331,0.008,0.661;
0.331,0.008,0.661;
0.331,0.007,0.662;
0.330,0.007,0.663;
0.329,0.008,0.663;
0.329,0.007,0.664;
0.328,0.008,0.664;
0.328,0.007,0.665;
0.328,0.007,0.665;
0.328,0.006,0.666;
0.328,0.005,0.667;
0.328,0.004,0.668;
0.328,0.004,0.668;
0.328,0.003,0.669;
0.328,0.003,0.669;
0.327,0.004,0.669;
0.327,0.004,0.669;
0.327,0.004,0.669;
0.326,0.004,0.670;
0.326,0.003,0.671;
0.325,0.004,0.671;
0.324,0.004,0.672;
0.324,0.004,0.672;
0.324,0.004,0.672;
0.324,0.004,0.672;
0.324,0.004,0.672;
0.324,0.004,0.672;
0.324,0.004,0.672;
0.324,0.004,0.672;
0.324,0.004,0.672;
0.324,0.003,0.673;
0.324,0.003,0.673;
0.324,0.003,0.673;
0.324,0.002,0.674;
0.324,0.002,0.674;
0.324,0.001,0.675;
0.324,0.000,0.676;
0.324,0.000,0.676;
0.324,0.000,0.676;
0.324,0.000,0.676;
0.324,0.000,0.676;
0.324,0.000,0.676;
0.324,0.000,0.676;
];
susceptibleRatio = dynamics (:, 1);
infectedRatio = dynamics (:, 2);
recoveredRatio = dynamics (:, 3);
figure
plot (susceptibleRatio.', 'color', 'green');
hold on
plot (infectedRatio.', 'color', 'red');
hold on
plot (recoveredRatio.', 'color', 'blue');
xlabel ('Steps');
ylabel ('Ratio');
legend('Susceptible','Infected', 'Recovered');
title ('SIRS Dynamics with 1.0 dt, 200 steps, 0 replications');
