steps = 1500;
dt = 0.1;
replications = 0;
dynamics = [
0.999,0.001,0.000;
0.999,0.001,0.000;
0.999,0.001,0.000;
0.999,0.001,0.000;
0.999,0.001,0.000;
0.999,0.001,0.000;
0.999,0.001,0.000;
0.999,0.001,0.000;
0.999,0.001,0.000;
0.999,0.001,0.000;
0.999,0.001,0.000;
0.999,0.001,0.000;
0.999,0.001,0.000;
0.999,0.001,0.000;
0.999,0.001,0.000;
0.999,0.001,0.000;
0.998,0.002,0.000;
0.998,0.002,0.000;
0.998,0.002,0.000;
0.998,0.002,0.000;
0.998,0.002,0.000;
0.998,0.002,0.000;
0.998,0.002,0.000;
0.998,0.002,0.000;
0.998,0.002,0.000;
0.998,0.002,0.000;
0.998,0.002,0.000;
0.998,0.002,0.000;
0.998,0.002,0.000;
0.998,0.002,0.000;
0.998,0.002,0.000;
0.998,0.002,0.000;
0.998,0.002,0.000;
0.998,0.002,0.000;
0.998,0.002,0.000;
0.998,0.002,0.000;
0.998,0.002,0.000;
0.998,0.002,0.000;
0.998,0.002,0.000;
0.998,0.002,0.000;
0.998,0.002,0.000;
0.998,0.002,0.000;
0.998,0.002,0.000;
0.998,0.002,0.000;
0.998,0.002,0.000;
0.998,0.002,0.000;
0.998,0.002,0.000;
0.998,0.002,0.000;
0.998,0.002,0.000;
0.998,0.002,0.000;
0.998,0.002,0.000;
0.998,0.002,0.000;
0.998,0.002,0.000;
0.998,0.002,0.000;
0.998,0.002,0.000;
0.998,0.002,0.000;
0.998,0.002,0.000;
0.998,0.002,0.000;
0.998,0.002,0.000;
0.998,0.002,0.000;
0.998,0.002,0.000;
0.998,0.002,0.000;
0.998,0.002,0.000;
0.998,0.002,0.000;
0.998,0.002,0.000;
0.998,0.002,0.000;
0.998,0.002,0.000;
0.998,0.002,0.000;
0.997,0.003,0.000;
0.997,0.003,0.000;
0.997,0.003,0.000;
0.997,0.003,0.000;
0.997,0.003,0.000;
0.997,0.003,0.000;
0.997,0.003,0.000;
0.997,0.003,0.000;
0.997,0.003,0.000;
0.997,0.003,0.000;
0.997,0.003,0.000;
0.997,0.003,0.000;
0.997,0.003,0.000;
0.997,0.003,0.000;
0.997,0.003,0.000;
0.997,0.003,0.000;
0.997,0.003,0.000;
0.997,0.003,0.000;
0.997,0.003,0.000;
0.996,0.004,0.000;
0.996,0.004,0.000;
0.996,0.004,0.000;
0.996,0.004,0.000;
0.996,0.004,0.000;
0.996,0.004,0.000;
0.995,0.005,0.000;
0.995,0.005,0.000;
0.995,0.005,0.000;
0.995,0.005,0.000;
0.995,0.005,0.000;
0.995,0.005,0.000;
0.995,0.005,0.000;
0.995,0.005,0.000;
0.995,0.005,0.000;
0.995,0.005,0.000;
0.994,0.006,0.000;
0.994,0.006,0.000;
0.994,0.006,0.000;
0.994,0.006,0.000;
0.994,0.006,0.000;
0.994,0.006,0.000;
0.994,0.006,0.000;
0.994,0.006,0.000;
0.994,0.006,0.000;
0.994,0.006,0.000;
0.994,0.006,0.000;
0.994,0.006,0.000;
0.994,0.006,0.000;
0.994,0.006,0.000;
0.993,0.007,0.000;
0.993,0.007,0.000;
0.993,0.007,0.000;
0.993,0.007,0.000;
0.993,0.007,0.000;
0.993,0.007,0.000;
0.993,0.007,0.000;
0.993,0.007,0.000;
0.993,0.007,0.000;
0.993,0.007,0.000;
0.993,0.007,0.000;
0.993,0.007,0.000;
0.993,0.007,0.000;
0.993,0.007,0.000;
0.993,0.007,0.000;
0.993,0.007,0.000;
0.993,0.007,0.000;
0.993,0.007,0.000;
0.993,0.007,0.000;
0.993,0.007,0.000;
0.993,0.007,0.000;
0.993,0.007,0.000;
0.993,0.007,0.000;
0.993,0.007,0.000;
0.993,0.007,0.000;
0.993,0.007,0.000;
0.993,0.007,0.000;
0.993,0.007,0.000;
0.993,0.007,0.000;
0.993,0.007,0.000;
0.993,0.007,0.000;
0.993,0.007,0.000;
0.993,0.007,0.000;
0.992,0.008,0.000;
0.991,0.009,0.000;
0.991,0.008,0.001;
0.991,0.008,0.001;
0.991,0.008,0.001;
0.991,0.008,0.001;
0.991,0.008,0.001;
0.991,0.008,0.001;
0.991,0.008,0.001;
0.991,0.008,0.001;
0.991,0.008,0.001;
0.991,0.008,0.001;
0.991,0.008,0.001;
0.991,0.008,0.001;
0.991,0.008,0.001;
0.991,0.008,0.001;
0.991,0.008,0.001;
0.991,0.007,0.002;
0.991,0.007,0.002;
0.991,0.007,0.002;
0.991,0.007,0.002;
0.991,0.007,0.002;
0.991,0.007,0.002;
0.990,0.008,0.002;
0.990,0.008,0.002;
0.990,0.008,0.002;
0.990,0.008,0.002;
0.990,0.008,0.002;
0.990,0.008,0.002;
0.990,0.008,0.002;
0.989,0.009,0.002;
0.989,0.009,0.002;
0.989,0.009,0.002;
0.989,0.009,0.002;
0.989,0.009,0.002;
0.989,0.009,0.002;
0.989,0.009,0.002;
0.989,0.009,0.002;
0.988,0.010,0.002;
0.988,0.010,0.002;
0.988,0.010,0.002;
0.988,0.010,0.002;
0.988,0.010,0.002;
0.988,0.010,0.002;
0.984,0.014,0.002;
0.984,0.014,0.002;
0.984,0.014,0.002;
0.983,0.015,0.002;
0.983,0.015,0.002;
0.983,0.015,0.002;
0.983,0.015,0.002;
0.983,0.015,0.002;
0.983,0.015,0.002;
0.983,0.015,0.002;
0.983,0.015,0.002;
0.983,0.015,0.002;
0.983,0.015,0.002;
0.983,0.015,0.002;
0.982,0.016,0.002;
0.982,0.016,0.002;
0.982,0.016,0.002;
0.982,0.016,0.002;
0.981,0.017,0.002;
0.979,0.019,0.002;
0.979,0.019,0.002;
0.979,0.019,0.002;
0.978,0.020,0.002;
0.978,0.020,0.002;
0.978,0.020,0.002;
0.978,0.019,0.003;
0.978,0.019,0.003;
0.978,0.019,0.003;
0.978,0.019,0.003;
0.975,0.022,0.003;
0.975,0.022,0.003;
0.974,0.023,0.003;
0.974,0.023,0.003;
0.973,0.024,0.003;
0.972,0.025,0.003;
0.972,0.025,0.003;
0.972,0.025,0.003;
0.972,0.025,0.003;
0.972,0.025,0.003;
0.971,0.026,0.003;
0.971,0.026,0.003;
0.971,0.026,0.003;
0.971,0.026,0.003;
0.971,0.026,0.003;
0.970,0.026,0.004;
0.968,0.028,0.004;
0.968,0.028,0.004;
0.968,0.028,0.004;
0.966,0.030,0.004;
0.964,0.032,0.004;
0.963,0.032,0.005;
0.961,0.033,0.005;
0.961,0.033,0.005;
0.961,0.033,0.005;
0.961,0.033,0.005;
0.961,0.033,0.005;
0.961,0.033,0.005;
0.961,0.033,0.005;
0.961,0.033,0.005;
0.961,0.033,0.005;
0.961,0.032,0.006;
0.960,0.033,0.006;
0.960,0.033,0.006;
0.960,0.033,0.006;
0.960,0.033,0.006;
0.960,0.033,0.006;
0.960,0.033,0.006;
0.960,0.033,0.006;
0.959,0.034,0.006;
0.959,0.034,0.006;
0.958,0.035,0.006;
0.957,0.036,0.006;
0.957,0.036,0.006;
0.957,0.036,0.006;
0.956,0.036,0.007;
0.956,0.036,0.007;
0.956,0.036,0.007;
0.956,0.036,0.007;
0.956,0.036,0.007;
0.955,0.037,0.007;
0.954,0.039,0.007;
0.954,0.039,0.007;
0.954,0.039,0.007;
0.954,0.039,0.007;
0.953,0.040,0.007;
0.952,0.041,0.007;
0.950,0.043,0.007;
0.950,0.043,0.007;
0.950,0.043,0.007;
0.950,0.043,0.007;
0.950,0.043,0.007;
0.950,0.043,0.007;
0.949,0.044,0.007;
0.949,0.044,0.007;
0.949,0.044,0.007;
0.948,0.045,0.007;
0.948,0.045,0.007;
0.948,0.045,0.007;
0.947,0.046,0.007;
0.946,0.047,0.007;
0.944,0.049,0.007;
0.944,0.049,0.007;
0.942,0.051,0.007;
0.942,0.051,0.007;
0.942,0.051,0.007;
0.942,0.051,0.007;
0.942,0.051,0.007;
0.942,0.050,0.008;
0.941,0.050,0.009;
0.941,0.050,0.009;
0.941,0.050,0.009;
0.941,0.050,0.009;
0.941,0.050,0.009;
0.941,0.050,0.009;
0.941,0.050,0.009;
0.940,0.051,0.009;
0.940,0.051,0.009;
0.940,0.051,0.009;
0.940,0.051,0.009;
0.939,0.052,0.009;
0.939,0.052,0.009;
0.938,0.053,0.009;
0.938,0.053,0.009;
0.938,0.053,0.009;
0.938,0.053,0.009;
0.938,0.053,0.009;
0.937,0.054,0.009;
0.937,0.054,0.009;
0.933,0.057,0.009;
0.932,0.058,0.009;
0.931,0.058,0.010;
0.928,0.061,0.010;
0.927,0.062,0.010;
0.927,0.062,0.010;
0.926,0.063,0.010;
0.926,0.063,0.010;
0.923,0.067,0.010;
0.923,0.066,0.011;
0.922,0.067,0.011;
0.922,0.067,0.011;
0.921,0.068,0.011;
0.921,0.068,0.011;
0.921,0.068,0.011;
0.920,0.069,0.011;
0.920,0.069,0.011;
0.918,0.070,0.012;
0.918,0.070,0.012;
0.916,0.072,0.012;
0.916,0.072,0.012;
0.915,0.073,0.012;
0.913,0.075,0.012;
0.912,0.073,0.016;
0.912,0.073,0.016;
0.909,0.075,0.016;
0.907,0.076,0.017;
0.907,0.076,0.017;
0.907,0.076,0.017;
0.905,0.078,0.017;
0.904,0.079,0.017;
0.903,0.080,0.017;
0.903,0.080,0.017;
0.901,0.082,0.017;
0.901,0.082,0.017;
0.900,0.083,0.017;
0.899,0.084,0.017;
0.898,0.084,0.018;
0.897,0.085,0.018;
0.897,0.085,0.018;
0.896,0.086,0.018;
0.895,0.086,0.019;
0.894,0.085,0.021;
0.894,0.085,0.021;
0.894,0.085,0.021;
0.894,0.084,0.022;
0.894,0.084,0.022;
0.893,0.085,0.022;
0.891,0.087,0.022;
0.890,0.088,0.022;
0.887,0.092,0.022;
0.884,0.094,0.022;
0.883,0.092,0.025;
0.882,0.093,0.025;
0.880,0.094,0.026;
0.880,0.094,0.026;
0.880,0.093,0.027;
0.878,0.094,0.028;
0.877,0.095,0.028;
0.876,0.096,0.028;
0.874,0.098,0.028;
0.870,0.102,0.028;
0.870,0.101,0.029;
0.867,0.104,0.029;
0.864,0.107,0.029;
0.864,0.107,0.029;
0.864,0.107,0.029;
0.863,0.107,0.030;
0.863,0.105,0.032;
0.862,0.106,0.032;
0.862,0.106,0.032;
0.860,0.106,0.034;
0.856,0.107,0.036;
0.856,0.106,0.037;
0.855,0.106,0.039;
0.853,0.108,0.039;
0.852,0.109,0.039;
0.848,0.113,0.039;
0.846,0.116,0.039;
0.844,0.118,0.039;
0.842,0.120,0.039;
0.840,0.122,0.039;
0.839,0.123,0.039;
0.838,0.124,0.039;
0.835,0.126,0.040;
0.831,0.129,0.040;
0.830,0.130,0.040;
0.827,0.133,0.040;
0.826,0.134,0.040;
0.825,0.135,0.040;
0.823,0.137,0.040;
0.823,0.136,0.041;
0.820,0.139,0.041;
0.819,0.139,0.042;
0.818,0.139,0.043;
0.816,0.142,0.043;
