steps = 200;
dt = 1.0;
replications = 0;
dynamics = [
1.000,0.000,0.000;
1.000,0.000,0.000;
1.000,0.000,0.000;
0.999,0.001,0.000;
0.999,0.001,0.000;
0.999,0.001,0.000;
0.999,0.001,0.000;
0.999,0.001,0.000;
0.999,0.001,0.000;
0.999,0.001,0.000;
0.999,0.001,0.000;
0.999,0.001,0.000;
0.998,0.002,0.000;
0.998,0.002,0.000;
0.998,0.002,0.000;
0.998,0.002,0.000;
0.997,0.002,0.000;
0.997,0.002,0.000;
0.997,0.002,0.001;
0.997,0.002,0.001;
0.996,0.003,0.001;
0.996,0.003,0.001;
0.996,0.003,0.001;
0.995,0.003,0.001;
0.995,0.003,0.001;
0.995,0.004,0.001;
0.994,0.005,0.001;
0.993,0.005,0.002;
0.993,0.005,0.002;
0.992,0.006,0.002;
0.992,0.006,0.002;
0.991,0.007,0.003;
0.990,0.007,0.003;
0.990,0.008,0.003;
0.989,0.008,0.003;
0.988,0.008,0.004;
0.987,0.009,0.004;
0.986,0.010,0.004;
0.985,0.010,0.005;
0.984,0.011,0.005;
0.984,0.011,0.005;
0.982,0.012,0.006;
0.982,0.012,0.007;
0.980,0.012,0.007;
0.980,0.012,0.008;
0.978,0.013,0.008;
0.977,0.014,0.009;
0.975,0.015,0.010;
0.973,0.016,0.010;
0.972,0.018,0.011;
0.970,0.017,0.012;
0.968,0.019,0.013;
0.965,0.021,0.014;
0.963,0.022,0.015;
0.963,0.022,0.016;
0.961,0.023,0.016;
0.957,0.026,0.018;
0.955,0.027,0.018;
0.951,0.030,0.020;
0.947,0.033,0.020;
0.941,0.037,0.022;
0.938,0.039,0.023;
0.932,0.043,0.025;
0.927,0.046,0.027;
0.923,0.048,0.028;
0.918,0.052,0.030;
0.912,0.057,0.032;
0.907,0.058,0.035;
0.901,0.062,0.037;
0.894,0.069,0.037;
0.887,0.074,0.039;
0.880,0.077,0.043;
0.871,0.084,0.045;
0.864,0.087,0.049;
0.856,0.090,0.053;
0.847,0.095,0.059;
0.840,0.098,0.062;
0.832,0.101,0.068;
0.822,0.105,0.073;
0.814,0.109,0.077;
0.805,0.113,0.082;
0.794,0.117,0.088;
0.781,0.126,0.093;
0.772,0.130,0.099;
0.760,0.134,0.106;
0.752,0.135,0.113;
0.739,0.141,0.120;
0.727,0.144,0.129;
0.714,0.150,0.136;
0.704,0.152,0.144;
0.691,0.155,0.153;
0.679,0.161,0.160;
0.669,0.163,0.168;
0.656,0.166,0.178;
0.639,0.175,0.186;
0.624,0.181,0.195;
0.612,0.183,0.206;
0.604,0.177,0.219;
0.592,0.180,0.228;
0.579,0.181,0.240;
0.566,0.186,0.248;
0.556,0.183,0.261;
0.543,0.184,0.273;
0.531,0.183,0.286;
0.521,0.183,0.296;
0.511,0.180,0.309;
0.500,0.179,0.321;
0.490,0.179,0.331;
0.481,0.175,0.344;
0.473,0.166,0.361;
0.465,0.158,0.376;
0.457,0.155,0.388;
0.448,0.157,0.396;
0.441,0.151,0.408;
0.437,0.142,0.421;
0.429,0.137,0.434;
0.418,0.138,0.444;
0.411,0.132,0.457;
0.407,0.124,0.469;
0.400,0.121,0.479;
0.395,0.116,0.489;
0.391,0.108,0.500;
0.387,0.103,0.510;
0.381,0.100,0.519;
0.376,0.097,0.527;
0.370,0.095,0.535;
0.365,0.092,0.543;
0.363,0.085,0.552;
0.360,0.081,0.559;
0.356,0.081,0.563;
0.351,0.078,0.571;
0.349,0.070,0.582;
0.348,0.063,0.589;
0.346,0.061,0.593;
0.343,0.058,0.600;
0.339,0.056,0.605;
0.338,0.054,0.609;
0.334,0.053,0.613;
0.332,0.049,0.619;
0.331,0.044,0.624;
0.329,0.041,0.630;
0.328,0.037,0.635;
0.328,0.035,0.637;
0.327,0.033,0.640;
0.326,0.030,0.644;
0.325,0.026,0.649;
0.324,0.024,0.651;
0.323,0.024,0.652;
0.322,0.024,0.654;
0.321,0.022,0.657;
0.320,0.018,0.661;
0.319,0.018,0.662;
0.318,0.017,0.666;
0.316,0.016,0.668;
0.315,0.016,0.669;
0.315,0.014,0.671;
0.314,0.013,0.672;
0.314,0.013,0.672;
0.314,0.013,0.673;
0.313,0.013,0.674;
0.313,0.012,0.675;
0.313,0.012,0.676;
0.312,0.011,0.677;
0.311,0.011,0.678;
0.311,0.010,0.679;
0.310,0.010,0.680;
0.310,0.009,0.681;
0.310,0.007,0.682;
0.310,0.006,0.684;
0.310,0.005,0.685;
0.310,0.005,0.685;
0.310,0.004,0.686;
0.310,0.004,0.686;
0.310,0.003,0.686;
0.310,0.003,0.687;
0.310,0.003,0.687;
0.310,0.002,0.687;
0.310,0.002,0.688;
0.310,0.002,0.689;
0.310,0.001,0.689;
0.310,0.000,0.690;
0.310,0.000,0.690;
0.310,0.000,0.690;
0.310,0.000,0.690;
0.310,0.000,0.690;
0.310,0.000,0.690;
0.310,0.000,0.690;
0.310,0.000,0.690;
0.310,0.000,0.690;
0.310,0.000,0.690;
0.310,0.000,0.690;
0.310,0.000,0.690;
0.310,0.000,0.690;
0.310,0.000,0.690;
0.310,0.000,0.690;
0.310,0.000,0.690;
0.310,0.000,0.690;
0.310,0.000,0.690;
0.310,0.000,0.690;
0.310,0.000,0.690;
0.310,0.000,0.690;
];
susceptibleRatio = dynamics (:, 1);
infectedRatio = dynamics (:, 2);
recoveredRatio = dynamics (:, 3);
figure
plot (susceptibleRatio.', 'color', 'green');
hold on
plot (infectedRatio.', 'color', 'red');
hold on
plot (recoveredRatio.', 'color', 'blue');
xlabel ('Steps');
ylabel ('Ratio');
legend('Susceptible','Infected', 'Recovered');
title ('SIRS Dynamics with 1.0 dt, 200 steps, 0 replications');
