steps = 1500;
dt = 0.1;
replications = 0;
dynamics = [
0.999,0.001,0.000;
0.999,0.001,0.000;
0.999,0.001,0.000;
0.999,0.001,0.000;
0.999,0.001,0.000;
0.999,0.001,0.000;
0.999,0.001,0.000;
0.999,0.001,0.000;
0.999,0.001,0.000;
0.999,0.001,0.000;
0.999,0.001,0.000;
0.999,0.001,0.000;
0.999,0.001,0.000;
0.999,0.001,0.000;
0.999,0.001,0.000;
0.999,0.001,0.000;
0.999,0.001,0.000;
0.999,0.001,0.000;
0.999,0.001,0.000;
0.999,0.001,0.000;
0.999,0.001,0.000;
0.999,0.001,0.000;
0.999,0.001,0.000;
0.999,0.001,0.000;
0.999,0.001,0.000;
0.999,0.001,0.000;
0.999,0.001,0.000;
0.999,0.001,0.000;
0.999,0.001,0.000;
0.999,0.001,0.000;
0.999,0.001,0.000;
0.999,0.001,0.000;
0.999,0.001,0.000;
0.999,0.001,0.000;
0.999,0.001,0.000;
0.999,0.001,0.000;
0.999,0.001,0.000;
0.999,0.001,0.000;
0.998,0.002,0.000;
0.998,0.002,0.000;
0.998,0.002,0.000;
0.998,0.002,0.000;
0.998,0.002,0.000;
0.998,0.002,0.000;
0.998,0.002,0.000;
0.998,0.002,0.000;
0.998,0.002,0.000;
0.998,0.002,0.000;
0.998,0.002,0.000;
0.998,0.002,0.000;
0.998,0.002,0.000;
0.998,0.002,0.000;
0.998,0.002,0.000;
0.998,0.002,0.000;
0.998,0.002,0.000;
0.998,0.002,0.000;
0.998,0.002,0.000;
0.998,0.002,0.000;
0.998,0.002,0.000;
0.998,0.002,0.000;
0.998,0.002,0.000;
0.998,0.002,0.000;
0.998,0.002,0.000;
0.998,0.002,0.000;
0.998,0.002,0.000;
0.998,0.002,0.000;
0.998,0.002,0.000;
0.998,0.002,0.000;
0.998,0.002,0.000;
0.998,0.002,0.000;
0.998,0.002,0.000;
0.998,0.002,0.000;
0.998,0.002,0.000;
0.998,0.002,0.000;
0.998,0.002,0.000;
0.998,0.002,0.000;
0.998,0.002,0.000;
0.998,0.002,0.000;
0.998,0.002,0.000;
0.998,0.002,0.000;
0.998,0.002,0.000;
0.998,0.002,0.000;
0.998,0.002,0.000;
0.998,0.002,0.000;
0.998,0.002,0.000;
0.998,0.002,0.000;
0.998,0.002,0.000;
0.998,0.002,0.000;
0.998,0.002,0.000;
0.998,0.002,0.000;
0.998,0.002,0.000;
0.998,0.002,0.000;
0.998,0.002,0.000;
0.998,0.002,0.000;
0.998,0.002,0.000;
0.998,0.002,0.000;
0.998,0.002,0.000;
0.998,0.002,0.000;
0.998,0.002,0.000;
0.998,0.002,0.000;
0.998,0.002,0.000;
0.998,0.002,0.000;
0.998,0.002,0.000;
0.998,0.002,0.000;
0.998,0.002,0.000;
0.998,0.002,0.000;
0.998,0.002,0.000;
0.998,0.002,0.000;
0.998,0.002,0.000;
0.998,0.002,0.000;
0.998,0.002,0.000;
0.998,0.002,0.000;
0.998,0.002,0.000;
0.998,0.002,0.000;
0.998,0.002,0.000;
0.998,0.002,0.000;
0.998,0.002,0.000;
0.998,0.002,0.000;
0.998,0.002,0.000;
0.998,0.002,0.000;
0.998,0.002,0.000;
0.998,0.002,0.000;
0.998,0.002,0.000;
0.998,0.002,0.000;
0.998,0.002,0.000;
0.997,0.003,0.000;
0.997,0.003,0.000;
0.997,0.003,0.000;
0.997,0.003,0.000;
0.997,0.003,0.000;
0.997,0.003,0.000;
0.997,0.003,0.000;
0.997,0.003,0.000;
0.997,0.003,0.000;
0.997,0.003,0.000;
0.997,0.003,0.000;
0.997,0.003,0.000;
0.997,0.003,0.000;
0.997,0.003,0.000;
0.997,0.003,0.000;
0.997,0.003,0.000;
0.996,0.004,0.000;
0.996,0.004,0.000;
0.996,0.004,0.000;
0.995,0.005,0.000;
0.995,0.005,0.000;
0.995,0.005,0.000;
0.995,0.005,0.000;
0.995,0.005,0.000;
0.995,0.005,0.000;
0.995,0.005,0.000;
0.995,0.005,0.000;
0.995,0.004,0.001;
0.995,0.004,0.001;
0.995,0.005,0.001;
0.995,0.004,0.001;
0.995,0.004,0.001;
0.995,0.004,0.001;
0.995,0.004,0.001;
0.995,0.004,0.001;
0.995,0.004,0.001;
0.995,0.004,0.001;
0.994,0.005,0.001;
0.994,0.005,0.001;
0.994,0.005,0.001;
0.994,0.005,0.001;
0.994,0.005,0.001;
0.993,0.005,0.001;
0.993,0.006,0.001;
0.993,0.006,0.001;
0.993,0.006,0.001;
0.993,0.006,0.001;
0.993,0.006,0.001;
0.993,0.006,0.001;
0.993,0.006,0.001;
0.993,0.006,0.001;
0.992,0.007,0.001;
0.992,0.007,0.001;
0.992,0.007,0.001;
0.992,0.007,0.001;
0.992,0.007,0.001;
0.992,0.007,0.001;
0.992,0.007,0.001;
0.992,0.007,0.001;
0.992,0.007,0.001;
0.992,0.007,0.001;
0.992,0.007,0.001;
0.992,0.007,0.001;
0.992,0.007,0.001;
0.992,0.007,0.002;
0.992,0.007,0.002;
0.992,0.007,0.002;
0.992,0.007,0.002;
0.992,0.007,0.002;
0.992,0.007,0.002;
0.992,0.007,0.002;
0.991,0.007,0.002;
0.991,0.007,0.002;
0.991,0.008,0.002;
0.991,0.008,0.002;
0.991,0.008,0.002;
0.991,0.008,0.002;
0.991,0.008,0.002;
0.990,0.008,0.002;
0.990,0.008,0.002;
0.990,0.008,0.002;
0.990,0.008,0.002;
0.990,0.008,0.002;
0.990,0.008,0.002;
0.990,0.008,0.002;
0.990,0.008,0.002;
0.990,0.009,0.002;
0.990,0.009,0.002;
0.990,0.009,0.002;
0.990,0.009,0.002;
0.990,0.009,0.002;
0.990,0.009,0.002;
0.990,0.009,0.002;
0.989,0.009,0.002;
0.989,0.010,0.002;
0.989,0.010,0.002;
0.989,0.009,0.002;
0.989,0.009,0.002;
0.989,0.009,0.002;
0.988,0.010,0.002;
0.988,0.010,0.002;
0.988,0.010,0.002;
0.988,0.010,0.002;
0.988,0.010,0.002;
0.988,0.010,0.002;
0.987,0.011,0.002;
0.987,0.010,0.002;
0.987,0.010,0.002;
0.987,0.010,0.002;
0.987,0.010,0.002;
0.987,0.010,0.002;
0.987,0.010,0.002;
0.987,0.010,0.002;
0.987,0.010,0.002;
0.987,0.010,0.002;
0.987,0.010,0.002;
0.987,0.010,0.002;
0.987,0.010,0.002;
0.987,0.010,0.002;
0.987,0.010,0.002;
0.987,0.010,0.002;
0.987,0.011,0.002;
0.987,0.011,0.002;
0.987,0.011,0.002;
0.987,0.011,0.002;
0.987,0.011,0.002;
0.986,0.012,0.002;
0.986,0.012,0.002;
0.985,0.012,0.002;
0.985,0.012,0.002;
0.985,0.012,0.002;
0.985,0.013,0.002;
0.984,0.013,0.002;
0.984,0.013,0.002;
0.984,0.013,0.002;
0.984,0.013,0.002;
0.984,0.014,0.002;
0.984,0.014,0.002;
0.983,0.015,0.002;
0.983,0.015,0.002;
0.983,0.015,0.002;
0.983,0.015,0.002;
0.983,0.015,0.002;
0.982,0.015,0.002;
0.982,0.016,0.002;
0.982,0.016,0.002;
0.982,0.016,0.002;
0.981,0.017,0.002;
0.981,0.017,0.002;
0.981,0.017,0.002;
0.980,0.017,0.002;
0.980,0.017,0.003;
0.980,0.017,0.003;
0.980,0.017,0.003;
0.980,0.017,0.003;
0.980,0.017,0.003;
0.980,0.017,0.003;
0.980,0.017,0.003;
0.980,0.017,0.003;
0.979,0.018,0.003;
0.979,0.017,0.003;
0.979,0.017,0.003;
0.979,0.018,0.003;
0.979,0.018,0.003;
0.979,0.018,0.003;
0.979,0.018,0.003;
0.978,0.019,0.003;
0.977,0.019,0.004;
0.977,0.018,0.004;
0.977,0.018,0.004;
0.977,0.018,0.005;
0.977,0.018,0.005;
0.977,0.018,0.005;
0.977,0.018,0.005;
0.977,0.018,0.005;
0.977,0.018,0.005;
0.975,0.020,0.005;
0.975,0.020,0.005;
0.975,0.020,0.005;
0.975,0.020,0.005;
0.974,0.021,0.005;
0.974,0.021,0.005;
0.974,0.021,0.005;
0.973,0.022,0.005;
0.973,0.022,0.005;
0.973,0.022,0.005;
0.973,0.022,0.005;
0.972,0.023,0.005;
0.971,0.023,0.006;
0.971,0.023,0.006;
0.971,0.023,0.006;
0.970,0.024,0.006;
0.969,0.025,0.006;
0.969,0.024,0.007;
0.969,0.024,0.007;
0.969,0.024,0.007;
0.969,0.024,0.007;
0.969,0.024,0.007;
0.968,0.025,0.007;
0.968,0.025,0.007;
0.967,0.025,0.007;
0.967,0.026,0.007;
0.967,0.025,0.008;
0.967,0.025,0.008;
0.967,0.025,0.008;
0.966,0.026,0.008;
0.966,0.026,0.008;
0.966,0.026,0.008;
0.965,0.026,0.008;
0.965,0.026,0.008;
0.965,0.027,0.008;
0.965,0.027,0.008;
0.965,0.027,0.008;
0.965,0.027,0.008;
0.965,0.027,0.008;
0.964,0.027,0.008;
0.964,0.027,0.008;
0.964,0.027,0.008;
0.964,0.027,0.008;
0.963,0.028,0.008;
0.963,0.028,0.008;
0.963,0.029,0.008;
0.962,0.029,0.009;
0.962,0.029,0.009;
0.962,0.028,0.009;
0.962,0.029,0.009;
0.961,0.030,0.009;
0.961,0.030,0.009;
0.961,0.030,0.009;
0.960,0.030,0.010;
0.959,0.031,0.010;
0.959,0.031,0.010;
0.959,0.031,0.010;
0.958,0.032,0.010;
0.958,0.032,0.010;
0.958,0.032,0.010;
0.957,0.033,0.010;
0.957,0.033,0.010;
0.957,0.033,0.010;
0.957,0.033,0.010;
0.956,0.034,0.010;
0.956,0.034,0.010;
0.955,0.034,0.010;
0.955,0.035,0.010;
0.954,0.035,0.011;
0.954,0.035,0.011;
0.954,0.035,0.011;
0.953,0.036,0.011;
0.953,0.036,0.011;
0.952,0.037,0.011;
0.952,0.036,0.012;
0.952,0.036,0.012;
0.952,0.037,0.012;
0.951,0.037,0.012;
0.951,0.037,0.012;
0.950,0.037,0.012;
0.950,0.037,0.013;
0.950,0.038,0.013;
0.949,0.038,0.013;
0.949,0.038,0.013;
0.948,0.039,0.013;
0.948,0.039,0.013;
0.948,0.040,0.013;
0.947,0.040,0.013;
0.947,0.041,0.013;
0.945,0.042,0.013;
0.945,0.042,0.013;
0.944,0.043,0.013;
0.944,0.043,0.013;
0.944,0.043,0.013;
0.942,0.045,0.013;
0.942,0.046,0.013;
0.942,0.045,0.013;
0.942,0.045,0.013;
0.942,0.045,0.013;
0.941,0.045,0.013;
0.941,0.045,0.013;
0.941,0.045,0.014;
0.941,0.045,0.014;
0.940,0.045,0.015;
0.940,0.045,0.015;
0.938,0.047,0.015;
0.937,0.048,0.015;
0.935,0.049,0.016;
0.933,0.051,0.016;
0.933,0.051,0.016;
0.932,0.052,0.016;
0.931,0.053,0.016;
0.930,0.053,0.016;
0.929,0.054,0.017;
0.928,0.055,0.017;
0.927,0.056,0.017;
0.926,0.057,0.017;
