dynamics = [
999.0,1.0,0.0;
999.0,1.0,0.0;
999.0,1.0,0.0;
999.0,1.0,0.0;
999.0,1.0,0.0;
999.0,1.0,0.0;
999.0,1.0,0.0;
999.0,1.0,0.0;
999.0,1.0,0.0;
999.0,1.0,0.0;
999.0,1.0,0.0;
999.0,1.0,0.0;
999.0,1.0,0.0;
999.0,1.0,0.0;
999.0,1.0,0.0;
999.0,1.0,0.0;
999.0,1.0,0.0;
999.0,1.0,0.0;
999.0,1.0,0.0;
999.0,1.0,0.0;
999.0,1.0,0.0;
999.0,1.0,0.0;
999.0,1.0,0.0;
999.0,1.0,0.0;
999.0,1.0,0.0;
999.0,1.0,0.0;
999.0,1.0,0.0;
999.0,1.0,0.0;
999.0,1.0,0.0;
999.0,1.0,0.0;
999.0,1.0,0.0;
999.0,1.0,0.0;
999.0,1.0,0.0;
999.0,1.0,0.0;
999.0,1.0,0.0;
999.0,1.0,0.0;
999.0,1.0,0.0;
999.0,1.0,0.0;
999.0,1.0,0.0;
999.0,1.0,0.0;
999.0,1.0,0.0;
999.0,1.0,0.0;
999.0,1.0,0.0;
999.0,1.0,0.0;
999.0,1.0,0.0;
999.0,1.0,0.0;
999.0,1.0,0.0;
999.0,1.0,0.0;
999.0,1.0,0.0;
999.0,1.0,0.0;
999.0,1.0,0.0;
999.0,1.0,0.0;
999.0,1.0,0.0;
998.0,2.0,0.0;
998.0,2.0,0.0;
998.0,2.0,0.0;
998.0,2.0,0.0;
998.0,2.0,0.0;
998.0,2.0,0.0;
998.0,2.0,0.0;
998.0,2.0,0.0;
998.0,2.0,0.0;
998.0,2.0,0.0;
998.0,2.0,0.0;
998.0,2.0,0.0;
998.0,2.0,0.0;
998.0,2.0,0.0;
998.0,2.0,0.0;
998.0,2.0,0.0;
998.0,2.0,0.0;
998.0,2.0,0.0;
998.0,2.0,0.0;
998.0,2.0,0.0;
998.0,2.0,0.0;
998.0,2.0,0.0;
998.0,2.0,0.0;
998.0,2.0,0.0;
998.0,2.0,0.0;
998.0,2.0,0.0;
998.0,2.0,0.0;
998.0,2.0,0.0;
998.0,2.0,0.0;
998.0,2.0,0.0;
998.0,2.0,0.0;
998.0,2.0,0.0;
998.0,2.0,0.0;
998.0,2.0,0.0;
998.0,2.0,0.0;
998.0,2.0,0.0;
998.0,2.0,0.0;
996.0,4.0,0.0;
996.0,4.0,0.0;
996.0,4.0,0.0;
996.0,4.0,0.0;
996.0,4.0,0.0;
996.0,4.0,0.0;
996.0,4.0,0.0;
996.0,4.0,0.0;
996.0,4.0,0.0;
996.0,4.0,0.0;
996.0,4.0,0.0;
996.0,4.0,0.0;
996.0,4.0,0.0;
995.0,5.0,0.0;
995.0,5.0,0.0;
995.0,5.0,0.0;
995.0,5.0,0.0;
994.0,6.0,0.0;
994.0,6.0,0.0;
994.0,6.0,0.0;
994.0,6.0,0.0;
994.0,6.0,0.0;
994.0,6.0,0.0;
994.0,6.0,0.0;
993.0,7.0,0.0;
993.0,7.0,0.0;
993.0,6.0,1.0;
993.0,6.0,1.0;
993.0,6.0,1.0;
993.0,6.0,1.0;
993.0,6.0,1.0;
993.0,6.0,1.0;
993.0,6.0,1.0;
993.0,6.0,1.0;
993.0,6.0,1.0;
993.0,6.0,1.0;
992.0,6.0,2.0;
992.0,6.0,2.0;
992.0,6.0,2.0;
992.0,6.0,2.0;
992.0,6.0,2.0;
992.0,6.0,2.0;
992.0,6.0,2.0;
992.0,6.0,2.0;
992.0,6.0,2.0;
992.0,6.0,2.0;
992.0,6.0,2.0;
992.0,6.0,2.0;
992.0,6.0,2.0;
992.0,6.0,2.0;
992.0,6.0,2.0;
992.0,6.0,2.0;
992.0,6.0,2.0;
992.0,6.0,2.0;
992.0,6.0,2.0;
992.0,6.0,2.0;
992.0,6.0,2.0;
992.0,6.0,2.0;
992.0,6.0,2.0;
992.0,6.0,2.0;
992.0,6.0,2.0;
992.0,6.0,2.0;
992.0,6.0,2.0;
991.0,7.0,2.0;
991.0,7.0,2.0;
991.0,6.0,3.0;
991.0,6.0,3.0;
991.0,6.0,3.0;
991.0,6.0,3.0;
991.0,6.0,3.0;
991.0,6.0,3.0;
991.0,6.0,3.0;
991.0,5.0,4.0;
991.0,5.0,4.0;
991.0,5.0,4.0;
990.0,6.0,4.0;
990.0,6.0,4.0;
990.0,6.0,4.0;
989.0,7.0,4.0;
989.0,7.0,4.0;
989.0,6.0,5.0;
989.0,6.0,5.0;
989.0,6.0,5.0;
989.0,6.0,5.0;
989.0,6.0,5.0;
989.0,6.0,5.0;
989.0,5.0,6.0;
989.0,5.0,6.0;
989.0,4.0,7.0;
989.0,4.0,7.0;
989.0,4.0,7.0;
989.0,4.0,7.0;
989.0,3.0,8.0;
989.0,3.0,8.0;
989.0,3.0,8.0;
989.0,3.0,8.0;
989.0,3.0,8.0;
989.0,3.0,8.0;
989.0,3.0,8.0;
989.0,3.0,8.0;
989.0,3.0,8.0;
989.0,3.0,8.0;
989.0,3.0,8.0;
989.0,3.0,8.0;
989.0,3.0,8.0;
989.0,3.0,8.0;
989.0,3.0,8.0;
989.0,3.0,8.0;
989.0,3.0,8.0;
989.0,3.0,8.0;
989.0,3.0,8.0;
989.0,3.0,8.0;
989.0,3.0,8.0;
989.0,3.0,8.0;
989.0,3.0,8.0;
989.0,3.0,8.0;
989.0,3.0,8.0;
989.0,3.0,8.0;
989.0,3.0,8.0;
989.0,3.0,8.0;
989.0,3.0,8.0;
989.0,3.0,8.0;
989.0,3.0,8.0;
989.0,3.0,8.0;
989.0,3.0,8.0;
989.0,3.0,8.0;
989.0,3.0,8.0;
989.0,3.0,8.0;
989.0,3.0,8.0;
989.0,3.0,8.0;
989.0,3.0,8.0;
989.0,3.0,8.0;
989.0,3.0,8.0;
989.0,3.0,8.0;
989.0,3.0,8.0;
989.0,3.0,8.0;
989.0,3.0,8.0;
988.0,4.0,8.0;
988.0,4.0,8.0;
988.0,4.0,8.0;
988.0,4.0,8.0;
988.0,4.0,8.0;
988.0,4.0,8.0;
988.0,4.0,8.0;
988.0,4.0,8.0;
988.0,4.0,8.0;
988.0,4.0,8.0;
988.0,4.0,8.0;
988.0,4.0,8.0;
988.0,4.0,8.0;
988.0,4.0,8.0;
988.0,4.0,8.0;
987.0,5.0,8.0;
987.0,5.0,8.0;
987.0,5.0,8.0;
987.0,5.0,8.0;
987.0,5.0,8.0;
986.0,6.0,8.0;
986.0,6.0,8.0;
986.0,6.0,8.0;
986.0,6.0,8.0;
986.0,6.0,8.0;
986.0,6.0,8.0;
986.0,6.0,8.0;
986.0,6.0,8.0;
986.0,6.0,8.0;
986.0,6.0,8.0;
986.0,6.0,8.0;
985.0,7.0,8.0;
985.0,7.0,8.0;
985.0,6.0,9.0;
985.0,6.0,9.0;
985.0,6.0,9.0;
985.0,6.0,9.0;
985.0,6.0,9.0;
985.0,6.0,9.0;
985.0,6.0,9.0;
984.0,7.0,9.0;
984.0,7.0,9.0;
984.0,7.0,9.0;
983.0,8.0,9.0;
983.0,8.0,9.0;
982.0,8.0,10.0;
982.0,8.0,10.0;
982.0,8.0,10.0;
982.0,8.0,10.0;
982.0,8.0,10.0;
981.0,9.0,10.0;
980.0,10.0,10.0;
979.0,11.0,10.0;
978.0,12.0,10.0;
977.0,13.0,10.0;
977.0,13.0,10.0;
977.0,13.0,10.0;
977.0,13.0,10.0;
977.0,12.0,11.0;
976.0,13.0,11.0;
975.0,14.0,11.0;
975.0,14.0,11.0;
975.0,14.0,11.0;
975.0,14.0,11.0;
975.0,14.0,11.0;
975.0,14.0,11.0;
975.0,13.0,12.0;
975.0,13.0,12.0;
975.0,13.0,12.0;
974.0,14.0,12.0;
974.0,14.0,12.0;
974.0,14.0,12.0;
974.0,13.0,13.0;
973.0,14.0,13.0;
973.0,13.0,14.0;
973.0,12.0,15.0;
973.0,12.0,15.0;
973.0,12.0,15.0;
973.0,12.0,15.0;
973.0,12.0,15.0;
973.0,12.0,15.0;
973.0,12.0,15.0;
973.0,12.0,15.0;
973.0,12.0,15.0;
973.0,12.0,15.0;
972.0,13.0,15.0;
972.0,13.0,15.0;
971.0,14.0,15.0;
971.0,14.0,15.0;
970.0,15.0,15.0;
970.0,15.0,15.0;
970.0,14.0,16.0;
970.0,13.0,17.0;
970.0,13.0,17.0;
970.0,13.0,17.0;
970.0,13.0,17.0;
970.0,13.0,17.0;
970.0,13.0,17.0;
969.0,14.0,17.0;
968.0,15.0,17.0;
968.0,14.0,18.0;
968.0,14.0,18.0;
968.0,14.0,18.0;
968.0,14.0,18.0;
968.0,14.0,18.0;
968.0,14.0,18.0;
967.0,15.0,18.0;
967.0,15.0,18.0;
966.0,15.0,19.0;
966.0,15.0,19.0;
965.0,16.0,19.0;
965.0,16.0,19.0;
965.0,16.0,19.0;
965.0,15.0,20.0;
965.0,15.0,20.0;
965.0,15.0,20.0;
965.0,15.0,20.0;
965.0,14.0,21.0;
965.0,14.0,21.0;
965.0,14.0,21.0;
963.0,16.0,21.0;
963.0,16.0,21.0;
962.0,17.0,21.0;
962.0,17.0,21.0;
962.0,17.0,21.0;
962.0,17.0,21.0;
960.0,19.0,21.0;
960.0,19.0,21.0;
959.0,20.0,21.0;
959.0,19.0,22.0;
957.0,21.0,22.0;
957.0,21.0,22.0;
957.0,20.0,23.0;
956.0,21.0,23.0;
956.0,21.0,23.0;
955.0,22.0,23.0;
955.0,22.0,23.0;
955.0,22.0,23.0;
954.0,23.0,23.0;
954.0,23.0,23.0;
954.0,23.0,23.0;
954.0,23.0,23.0;
954.0,23.0,23.0;
954.0,23.0,23.0;
954.0,22.0,24.0;
953.0,23.0,24.0;
953.0,23.0,24.0;
952.0,24.0,24.0;
952.0,24.0,24.0;
952.0,24.0,24.0;
952.0,24.0,24.0;
952.0,24.0,24.0;
951.0,25.0,24.0;
951.0,25.0,24.0;
950.0,26.0,24.0;
950.0,26.0,24.0;
949.0,27.0,24.0;
949.0,27.0,24.0;
949.0,27.0,24.0;
948.0,27.0,25.0;
948.0,26.0,26.0;
948.0,26.0,26.0;
948.0,26.0,26.0;
948.0,25.0,27.0;
945.0,27.0,28.0;
945.0,26.0,29.0;
945.0,26.0,29.0;
944.0,27.0,29.0;
943.0,27.0,30.0;
941.0,29.0,30.0;
941.0,29.0,30.0;
940.0,30.0,30.0;
937.0,33.0,30.0;
937.0,33.0,30.0;
936.0,34.0,30.0;
935.0,34.0,31.0;
934.0,34.0,32.0;
934.0,33.0,33.0;
933.0,34.0,33.0;
932.0,35.0,33.0;
932.0,35.0,33.0;
931.0,36.0,33.0;
931.0,36.0,33.0;
930.0,37.0,33.0;
930.0,36.0,34.0;
930.0,36.0,34.0;
930.0,36.0,34.0;
930.0,36.0,34.0;
928.0,38.0,34.0;
928.0,38.0,34.0;
927.0,39.0,34.0;
927.0,39.0,34.0;
927.0,39.0,34.0;
926.0,40.0,34.0;
925.0,40.0,35.0;
925.0,40.0,35.0;
925.0,39.0,36.0;
925.0,39.0,36.0;
924.0,40.0,36.0;
924.0,40.0,36.0;
922.0,42.0,36.0;
921.0,43.0,36.0;
920.0,43.0,37.0;
920.0,43.0,37.0;
919.0,43.0,38.0;
915.0,47.0,38.0;
914.0,47.0,39.0;
914.0,46.0,40.0;
913.0,46.0,41.0;
912.0,45.0,43.0;
911.0,46.0,43.0;
911.0,45.0,44.0;
910.0,46.0,44.0;
909.0,46.0,45.0;
908.0,46.0,46.0;
907.0,47.0,46.0;
906.0,47.0,47.0;
904.0,48.0,48.0;
902.0,50.0,48.0;
900.0,52.0,48.0;
900.0,51.0,49.0;
900.0,51.0,49.0;
899.0,52.0,49.0;
898.0,53.0,49.0;
897.0,54.0,49.0;
897.0,53.0,50.0;
896.0,53.0,51.0;
896.0,53.0,51.0;
895.0,54.0,51.0;
893.0,56.0,51.0;
892.0,56.0,52.0;
892.0,54.0,54.0;
891.0,55.0,54.0;
891.0,55.0,54.0;
890.0,56.0,54.0;
889.0,56.0,55.0;
888.0,57.0,55.0;
885.0,60.0,55.0;
885.0,58.0,57.0;
883.0,59.0,58.0;
883.0,59.0,58.0;
883.0,58.0,59.0;
880.0,61.0,59.0;
879.0,62.0,59.0;
878.0,63.0,59.0;
877.0,64.0,59.0;
874.0,67.0,59.0;
874.0,67.0,59.0;
873.0,68.0,59.0;
872.0,67.0,61.0;
871.0,67.0,62.0;
869.0,69.0,62.0;
868.0,69.0,63.0;
866.0,71.0,63.0;
865.0,72.0,63.0;
864.0,73.0,63.0;
864.0,73.0,63.0;
863.0,74.0,63.0;
860.0,77.0,63.0;
858.0,79.0,63.0;
856.0,80.0,64.0;
853.0,82.0,65.0;
853.0,81.0,66.0;
850.0,83.0,67.0;
850.0,82.0,68.0;
848.0,84.0,68.0;
846.0,86.0,68.0;
844.0,86.0,70.0;
843.0,86.0,71.0;
842.0,87.0,71.0;
841.0,85.0,74.0;
840.0,83.0,77.0;
836.0,87.0,77.0;
835.0,88.0,77.0;
833.0,89.0,78.0;
