dynamics = [
0.00,999.000,1.000,0.000;
0.10,999.000,1.000,0.000;
0.20,999.000,1.000,0.000;
0.30,999.000,1.000,0.000;
0.40,998.975,1.018,0.007;
0.50,998.950,1.037,0.013;
0.60,998.925,1.055,0.020;
0.70,998.900,1.074,0.027;
0.80,998.874,1.093,0.034;
0.90,998.847,1.112,0.041;
1.00,998.821,1.132,0.048;
1.10,998.793,1.152,0.055;
1.20,998.766,1.172,0.063;
1.30,998.737,1.193,0.070;
1.40,998.709,1.214,0.078;
1.50,998.679,1.235,0.086;
1.60,998.650,1.257,0.094;
1.70,998.619,1.279,0.102;
1.80,998.588,1.302,0.110;
1.90,998.557,1.325,0.118;
2.00,998.525,1.348,0.127;
2.10,998.493,1.372,0.135;
2.20,998.459,1.396,0.144;
2.30,998.426,1.421,0.153;
2.40,998.392,1.446,0.162;
2.50,998.357,1.472,0.172;
2.60,998.321,1.498,0.181;
2.70,998.285,1.524,0.191;
2.80,998.248,1.551,0.201;
2.90,998.211,1.578,0.211;
3.00,998.173,1.606,0.221;
3.10,998.134,1.635,0.231;
3.20,998.095,1.663,0.242;
3.30,998.055,1.693,0.252;
3.40,998.014,1.723,0.263;
3.50,997.973,1.753,0.274;
3.60,997.930,1.784,0.286;
3.70,997.887,1.815,0.297;
3.80,997.844,1.848,0.309;
3.90,997.799,1.880,0.321;
4.00,997.754,1.913,0.333;
4.10,997.708,1.947,0.345;
4.20,997.661,1.981,0.358;
4.30,997.613,2.016,0.370;
4.40,997.565,2.052,0.383;
4.50,997.515,2.088,0.397;
4.60,997.465,2.125,0.410;
4.70,997.414,2.163,0.424;
4.80,997.362,2.201,0.438;
4.90,997.309,2.240,0.452;
5.00,997.255,2.279,0.466;
5.10,997.200,2.319,0.481;
5.20,997.144,2.360,0.496;
5.30,997.087,2.402,0.511;
5.40,997.029,2.444,0.527;
5.50,996.970,2.487,0.542;
5.60,996.911,2.531,0.558;
5.70,996.850,2.576,0.575;
5.80,996.788,2.621,0.591;
5.90,996.725,2.667,0.608;
6.00,996.660,2.714,0.625;
6.10,996.595,2.762,0.643;
6.20,996.529,2.811,0.660;
6.30,996.461,2.860,0.679;
6.40,996.392,2.911,0.697;
6.50,996.322,2.962,0.716;
6.60,996.251,3.014,0.735;
6.70,996.178,3.067,0.754;
6.80,996.105,3.121,0.774;
6.90,996.030,3.176,0.794;
7.00,995.953,3.232,0.814;
7.10,995.875,3.289,0.835;
7.20,995.796,3.347,0.856;
7.30,995.716,3.406,0.878;
7.40,995.634,3.466,0.900;
7.50,995.551,3.527,0.922;
7.60,995.466,3.589,0.945;
7.70,995.380,3.652,0.968;
7.80,995.292,3.717,0.992;
7.90,995.202,3.782,1.015;
8.00,995.112,3.849,1.040;
8.10,995.019,3.916,1.065;
8.20,994.925,3.985,1.090;
8.30,994.829,4.055,1.115;
8.40,994.732,4.127,1.142;
8.50,994.633,4.199,1.168;
8.60,994.532,4.273,1.195;
8.70,994.429,4.348,1.223;
8.80,994.325,4.425,1.251;
8.90,994.219,4.502,1.279;
9.00,994.110,4.581,1.308;
9.10,994.000,4.662,1.338;
9.20,993.889,4.744,1.368;
9.30,993.775,4.827,1.398;
9.40,993.659,4.912,1.429;
9.50,993.541,4.998,1.461;
9.60,993.421,5.086,1.493;
9.70,993.299,5.175,1.526;
9.80,993.175,5.266,1.559;
9.90,993.049,5.358,1.593;
10.00,992.920,5.452,1.628;
10.10,992.789,5.548,1.663;
10.20,992.656,5.645,1.698;
10.30,992.521,5.744,1.735;
10.40,992.383,5.845,1.772;
10.50,992.243,5.947,1.809;
10.60,992.101,6.052,1.848;
10.70,991.956,6.158,1.887;
10.80,991.808,6.266,1.926;
10.90,991.658,6.375,1.967;
11.00,991.505,6.487,2.008;
11.10,991.350,6.601,2.049;
11.20,991.192,6.716,2.092;
11.30,991.031,6.834,2.135;
11.40,990.867,6.953,2.179;
11.50,990.701,7.075,2.224;
11.60,990.532,7.199,2.270;
11.70,990.359,7.325,2.316;
11.80,990.184,7.453,2.363;
11.90,990.006,7.583,2.411;
12.00,989.825,7.715,2.460;
12.10,989.640,7.850,2.510;
12.20,989.452,7.987,2.560;
12.30,989.262,8.127,2.612;
12.40,989.067,8.269,2.664;
12.50,988.870,8.413,2.717;
12.60,988.669,8.560,2.771;
12.70,988.464,8.709,2.826;
12.80,988.256,8.861,2.883;
12.90,988.045,9.016,2.940;
13.00,987.829,9.173,2.998;
13.10,987.611,9.333,3.057;
13.20,987.388,9.495,3.117;
13.30,987.161,9.661,3.178;
13.40,986.931,9.829,3.240;
13.50,986.696,10.000,3.304;
13.60,986.458,10.174,3.368;
13.70,986.216,10.351,3.433;
13.80,985.969,10.531,3.500;
13.90,985.718,10.714,3.568;
14.00,985.463,10.900,3.637;
14.10,985.203,11.090,3.707;
14.20,984.939,11.282,3.779;
14.30,984.671,11.478,3.851;
14.40,984.397,11.677,3.925;
14.50,984.120,11.880,4.000;
14.60,983.837,12.086,4.077;
14.70,983.550,12.295,4.155;
14.80,983.257,12.509,4.234;
14.90,982.960,12.725,4.315;
15.00,982.658,12.946,4.397;
15.10,982.350,13.170,4.480;
15.20,982.038,13.398,4.565;
15.30,981.720,13.629,4.651;
15.40,981.396,13.865,4.739;
15.50,981.067,14.105,4.828;
15.60,980.733,14.348,4.919;
15.70,980.393,14.596,5.011;
15.80,980.047,14.848,5.105;
15.90,979.695,15.104,5.201;
16.00,979.337,15.364,5.298;
16.10,978.973,15.629,5.397;
16.20,978.603,15.898,5.498;
16.30,978.227,16.172,5.601;
16.40,977.845,16.450,5.705;
16.50,977.456,16.733,5.811;
16.60,977.060,17.021,5.919;
16.70,976.658,17.314,6.028;
16.80,976.249,17.611,6.140;
16.90,975.833,17.913,6.253;
17.00,975.411,18.221,6.369;
17.10,974.981,18.533,6.486;
17.20,974.544,18.851,6.606;
17.30,974.100,19.173,6.727;
17.40,973.648,19.502,6.851;
17.50,973.189,19.835,6.976;
17.60,972.722,20.174,7.104;
17.70,972.247,20.519,7.234;
17.80,971.764,20.869,7.366;
17.90,971.274,21.225,7.501;
18.00,970.775,21.587,7.638;
18.10,970.268,21.955,7.777;
18.20,969.753,22.329,7.918;
18.30,969.229,22.709,8.062;
18.40,968.696,23.095,8.208;
18.50,968.155,23.488,8.357;
18.60,967.605,23.887,8.509;
18.70,967.045,24.292,8.663;
18.80,966.477,24.704,8.819;
18.90,965.899,25.122,8.979;
19.00,965.312,25.548,9.140;
19.10,964.715,25.980,9.305;
19.20,964.108,26.419,9.473;
19.30,963.492,26.865,9.643;
19.40,962.865,27.319,9.816;
19.50,962.228,27.779,9.992;
19.60,961.581,28.247,10.171;
19.70,960.924,28.723,10.354;
19.80,960.255,29.206,10.539;
19.90,959.576,29.697,10.727;
20.00,958.886,30.195,10.919;
20.10,958.185,30.702,11.113;
20.20,957.473,31.216,11.311;
20.30,956.749,31.739,11.513;
20.40,956.013,32.269,11.717;
20.50,955.266,32.809,11.925;
20.60,954.507,33.356,12.137;
20.70,953.736,33.912,12.352;
20.80,952.952,34.477,12.571;
20.90,952.156,35.051,12.793;
21.00,951.348,35.633,13.019;
21.10,950.526,36.225,13.249;
21.20,949.692,36.825,13.483;
21.30,948.844,37.435,13.720;
21.40,947.984,38.055,13.962;
21.50,947.109,38.683,14.207;
21.60,946.221,39.322,14.457;
21.70,945.319,39.970,14.711;
21.80,944.404,40.628,14.968;
21.90,943.473,41.296,15.231;
22.00,942.529,41.974,15.497;
22.10,941.570,42.663,15.768;
22.20,940.595,43.361,16.043;
22.30,939.606,44.071,16.323;
22.40,938.602,44.790,16.607;
22.50,937.583,45.521,16.897;
22.60,936.547,46.262,17.190;
22.70,935.496,47.015,17.489;
22.80,934.429,47.778,17.792;
22.90,933.346,48.553,18.101;
23.00,932.247,49.339,18.414;
23.10,931.130,50.137,18.733;
23.20,929.998,50.946,19.056;
23.30,928.848,51.767,19.385;
23.40,927.681,52.600,19.720;
23.50,926.496,53.445,20.059;
23.60,925.294,54.302,20.404;
23.70,924.074,55.171,20.755;
23.80,922.836,56.052,21.111;
23.90,921.580,56.947,21.473;
24.00,920.306,57.853,21.841;
24.10,919.012,58.773,22.215;
24.20,917.700,59.705,22.594;
24.30,916.369,60.651,22.980;
24.40,915.019,61.609,23.372;
24.50,913.649,62.581,23.770;
24.60,912.260,63.566,24.174;
24.70,910.850,64.565,24.585;
24.80,909.421,65.577,25.002;
24.90,907.971,66.603,25.426;
25.00,906.501,67.643,25.857;
25.10,905.010,68.696,26.294;
25.20,903.498,69.764,26.738;
25.30,901.965,70.846,27.189;
25.40,900.411,71.942,27.647;
25.50,898.835,73.053,28.112;
25.60,897.238,74.178,28.584;
25.70,895.618,75.318,29.064;
25.80,893.977,76.473,29.551;
25.90,892.313,77.642,30.045;
26.00,890.626,78.826,30.547;
26.10,888.917,80.026,31.057;
26.20,887.185,81.240,31.575;
26.30,885.430,82.470,32.100;
26.40,883.652,83.715,32.634;
26.50,881.850,84.975,33.175;
26.60,880.024,86.251,33.725;
26.70,878.175,87.542,34.283;
26.80,876.302,88.849,34.850;
26.90,874.404,90.171,35.425;
27.00,872.482,91.510,36.008;
27.10,870.536,92.864,36.601;
27.20,868.564,94.234,37.202;
27.30,866.568,95.620,37.812;
27.40,864.547,97.022,38.431;
27.50,862.501,98.440,39.059;
27.60,860.430,99.874,39.697;
27.70,858.333,101.324,40.343;
27.80,856.210,102.790,41.000;
27.90,854.062,104.273,41.666;
28.00,851.888,105.771,42.341;
28.10,849.687,107.286,43.026;
28.20,847.461,108.818,43.721;
28.30,845.208,110.365,44.427;
28.40,842.929,111.929,45.142;
28.50,840.624,113.509,45.867;
28.60,838.292,115.105,46.603;
28.70,835.933,116.718,47.349;
28.80,833.548,118.346,48.106;
