dynamics = [
999.000,1.000,0.000;
999.000,1.000,0.000;
999.000,1.000,0.000;
999.000,1.000,0.000;
998.988,1.009,0.003;
998.975,1.018,0.007;
998.963,1.027,0.010;
998.950,1.037,0.013;
998.937,1.046,0.017;
998.924,1.055,0.020;
998.911,1.065,0.024;
998.898,1.074,0.027;
998.885,1.084,0.031;
998.872,1.094,0.034;
998.858,1.104,0.038;
998.845,1.114,0.041;
998.831,1.124,0.045;
998.818,1.134,0.049;
998.804,1.144,0.052;
998.790,1.154,0.056;
998.775,1.165,0.060;
998.761,1.175,0.064;
998.747,1.186,0.068;
998.732,1.196,0.071;
998.718,1.207,0.075;
998.703,1.218,0.079;
998.688,1.229,0.083;
998.673,1.240,0.087;
998.658,1.251,0.091;
998.642,1.262,0.096;
998.627,1.274,0.100;
998.611,1.285,0.104;
998.595,1.297,0.108;
998.579,1.308,0.112;
998.563,1.320,0.117;
998.547,1.332,0.121;
998.531,1.344,0.125;
998.514,1.356,0.130;
998.498,1.368,0.134;
998.481,1.380,0.139;
998.464,1.393,0.143;
998.447,1.405,0.148;
998.430,1.418,0.152;
998.412,1.431,0.157;
998.395,1.444,0.162;
998.377,1.457,0.166;
998.359,1.470,0.171;
998.341,1.483,0.176;
998.323,1.496,0.181;
998.305,1.510,0.186;
998.286,1.523,0.191;
998.268,1.537,0.196;
998.249,1.551,0.201;
998.230,1.565,0.206;
998.211,1.579,0.211;
998.191,1.593,0.216;
998.172,1.607,0.221;
998.152,1.622,0.226;
998.132,1.636,0.232;
998.112,1.651,0.237;
998.092,1.666,0.243;
998.071,1.681,0.248;
998.051,1.696,0.253;
998.030,1.711,0.259;
998.009,1.726,0.265;
997.988,1.742,0.270;
997.967,1.757,0.276;
997.945,1.773,0.282;
997.923,1.789,0.288;
997.901,1.805,0.293;
997.879,1.821,0.299;
997.857,1.838,0.305;
997.834,1.854,0.311;
997.812,1.871,0.317;
997.789,1.888,0.323;
997.766,1.905,0.330;
997.742,1.922,0.336;
997.719,1.939,0.342;
997.695,1.956,0.349;
997.671,1.974,0.355;
997.647,1.992,0.361;
997.622,2.010,0.368;
997.598,2.028,0.375;
997.573,2.046,0.381;
997.548,2.064,0.388;
997.523,2.083,0.395;
997.497,2.101,0.401;
997.471,2.120,0.408;
997.445,2.139,0.415;
997.419,2.158,0.422;
997.393,2.178,0.429;
997.366,2.197,0.436;
997.339,2.217,0.444;
997.312,2.237,0.451;
997.285,2.257,0.458;
997.257,2.277,0.466;
997.229,2.298,0.473;
997.201,2.318,0.481;
997.173,2.339,0.488;
997.144,2.360,0.496;
997.115,2.381,0.504;
997.086,2.403,0.511;
997.057,2.424,0.519;
997.027,2.446,0.527;
996.997,2.468,0.535;
996.967,2.490,0.543;
996.936,2.512,0.551;
996.905,2.535,0.560;
996.874,2.558,0.568;
996.843,2.581,0.576;
996.812,2.604,0.585;
996.780,2.627,0.593;
996.747,2.651,0.602;
996.715,2.674,0.611;
996.682,2.698,0.619;
996.649,2.723,0.628;
996.616,2.747,0.637;
996.582,2.772,0.646;
996.548,2.796,0.655;
996.514,2.821,0.664;
996.480,2.847,0.674;
996.445,2.872,0.683;
996.410,2.898,0.692;
996.374,2.924,0.702;
996.338,2.950,0.711;
996.302,2.977,0.721;
996.266,3.003,0.731;
996.229,3.030,0.741;
996.192,3.057,0.751;
996.155,3.085,0.761;
996.117,3.112,0.771;
996.079,3.140,0.781;
996.041,3.168,0.791;
996.002,3.197,0.801;
995.963,3.225,0.812;
995.923,3.254,0.823;
995.883,3.283,0.833;
995.843,3.313,0.844;
995.803,3.342,0.855;
995.762,3.372,0.866;
995.721,3.403,0.877;
995.679,3.433,0.888;
995.637,3.464,0.899;
995.595,3.495,0.910;
995.552,3.526,0.922;
995.509,3.558,0.933;
995.465,3.590,0.945;
995.421,3.622,0.957;
995.377,3.654,0.969;
995.333,3.687,0.981;
995.287,3.720,0.993;
995.242,3.753,1.005;
995.196,3.787,1.017;
995.150,3.820,1.030;
995.103,3.855,1.042;
995.056,3.889,1.055;
995.009,3.924,1.068;
994.961,3.959,1.080;
994.912,3.994,1.093;
994.863,4.030,1.106;
994.814,4.066,1.120;
994.765,4.103,1.133;
994.714,4.139,1.146;
994.664,4.176,1.160;
994.613,4.214,1.174;
994.561,4.251,1.187;
994.509,4.289,1.201;
994.457,4.328,1.215;
994.404,4.366,1.230;
994.351,4.405,1.244;
994.297,4.445,1.258;
994.243,4.484,1.273;
994.188,4.524,1.287;
994.133,4.565,1.302;
994.077,4.606,1.317;
994.021,4.647,1.332;
993.964,4.688,1.348;
993.907,4.730,1.363;
993.849,4.772,1.378;
993.791,4.815,1.394;
993.732,4.858,1.410;
993.673,4.901,1.426;
993.613,4.945,1.442;
993.553,4.989,1.458;
993.492,5.034,1.474;
993.430,5.079,1.491;
993.368,5.124,1.507;
993.306,5.170,1.524;
993.243,5.216,1.541;
993.179,5.263,1.558;
993.115,5.310,1.575;
993.050,5.357,1.593;
992.985,5.405,1.610;
992.919,5.453,1.628;
992.853,5.502,1.646;
992.785,5.551,1.664;
992.718,5.600,1.682;
992.649,5.650,1.700;
992.581,5.700,1.719;
992.511,5.751,1.738;
992.441,5.803,1.756;
992.370,5.854,1.775;
992.299,5.907,1.795;
992.227,5.959,1.814;
992.154,6.012,1.833;
992.081,6.066,1.853;
992.007,6.120,1.873;
991.933,6.174,1.893;
991.857,6.229,1.913;
991.781,6.285,1.934;
991.705,6.341,1.954;
991.628,6.397,1.975;
991.550,6.454,1.996;
991.471,6.512,2.017;
991.392,6.570,2.038;
991.312,6.628,2.060;
991.231,6.687,2.082;
991.150,6.747,2.104;
991.068,6.807,2.126;
990.985,6.867,2.148;
990.901,6.928,2.170;
990.817,6.990,2.193;
990.732,7.052,2.216;
990.646,7.115,2.239;
990.559,7.178,2.262;
990.472,7.242,2.286;
990.384,7.306,2.310;
990.295,7.371,2.334;
990.205,7.437,2.358;
990.115,7.503,2.382;
990.024,7.570,2.407;
989.932,7.637,2.431;
989.839,7.705,2.456;
989.745,7.773,2.482;
989.651,7.842,2.507;
989.555,7.912,2.533;
989.459,7.982,2.559;
989.362,8.053,2.585;
989.264,8.125,2.611;
989.165,8.197,2.638;
989.066,8.269,2.665;
988.965,8.343,2.692;
988.864,8.417,2.719;
988.762,8.492,2.747;
988.659,8.567,2.774;
988.555,8.643,2.802;
988.450,8.719,2.831;
988.344,8.797,2.859;
988.237,8.875,2.888;
988.129,8.953,2.917;
988.021,9.033,2.947;
987.911,9.113,2.976;
987.800,9.194,3.006;
987.689,9.275,3.036;
987.576,9.357,3.066;
987.463,9.440,3.097;
987.348,9.524,3.128;
987.233,9.608,3.159;
987.116,9.693,3.191;
986.999,9.779,3.222;
986.880,9.865,3.254;
986.761,9.953,3.287;
986.640,10.041,3.319;
986.518,10.130,3.352;
986.395,10.219,3.385;
986.272,10.310,3.419;
986.147,10.401,3.453;
986.021,10.493,3.487;
985.894,10.585,3.521;
985.765,10.679,3.556;
985.636,10.773,3.591;
985.506,10.868,3.626;
985.374,10.964,3.662;
985.241,11.061,3.698;
985.107,11.159,3.734;
984.972,11.257,3.770;
984.836,11.357,3.807;
984.699,11.457,3.844;
984.560,11.558,3.882;
984.420,11.660,3.920;
984.279,11.763,3.958;
984.137,11.866,3.996;
983.994,11.971,4.035;
983.849,12.077,4.075;
983.703,12.183,4.114;
983.556,12.290,4.154;
983.407,12.399,4.194;
983.257,12.508,4.235;
983.106,12.618,4.276;
982.954,12.729,4.317;
982.800,12.841,4.359;
982.645,12.954,4.401;
982.489,13.068,4.443;
982.331,13.183,4.486;
982.172,13.299,4.529;
982.011,13.416,4.573;
981.849,13.534,4.617;
981.686,13.653,4.661;
981.521,13.773,4.706;
981.355,13.894,4.751;
981.188,14.016,4.796;
981.019,14.139,4.842;
980.848,14.263,4.889;
980.676,14.388,4.935;
980.503,14.514,4.983;
980.328,14.642,5.030;
980.152,14.770,5.078;
979.974,14.900,5.126;
979.795,15.030,5.175;
979.614,15.162,5.224;
979.431,15.295,5.274;
979.247,15.429,5.324;
979.061,15.564,5.375;
978.874,15.700,5.426;
978.685,15.838,5.477;
978.495,15.976,5.529;
978.303,16.116,5.581;
978.109,16.257,5.634;
977.913,16.399,5.687;
977.716,16.542,5.741;
977.518,16.687,5.795;
977.317,16.833,5.850;
977.115,16.980,5.905;
976.911,17.128,5.961;
976.705,17.278,6.017;
976.498,17.428,6.074;
976.289,17.581,6.131;
976.078,17.734,6.188;
975.865,17.889,6.246;
975.651,18.044,6.305;
975.434,18.202,6.364;
975.216,18.360,6.424;
974.996,18.520,6.484;
974.774,18.681,6.544;
974.550,18.844,6.606;
974.325,19.008,6.667;
974.097,19.173,6.730;
973.867,19.340,6.792;
973.636,19.508,6.856;
973.402,19.678,6.920;
973.167,19.849,6.984;
972.930,20.021,7.049;
972.690,20.195,7.115;
972.449,20.370,7.181;
972.205,20.547,7.248;
971.960,20.725,7.315;
971.712,20.905,7.383;
971.462,21.086,7.451;
971.211,21.269,7.521;
970.957,21.453,7.590;
970.701,21.639,7.660;
970.442,21.826,7.731;
970.182,22.015,7.803;
969.919,22.206,7.875;
969.655,22.398,7.948;
969.388,22.591,8.021;
969.118,22.786,8.095;
968.847,22.983,8.170;
968.573,23.182,8.245;
968.297,23.382,8.321;
968.019,23.583,8.398;
967.738,23.787,8.475;
967.455,23.992,8.553;
967.170,24.199,8.632;
966.882,24.407,8.711;
966.592,24.617,8.791;
966.299,24.829,8.871;
966.004,25.043,8.953;
965.707,25.258,9.035;
965.407,25.475,9.118;
965.105,25.694,9.201;
964.800,25.915,9.285;
964.492,26.137,9.370;
964.182,26.362,9.456;
